ip,port,timeout,print_time,total,success,fail,packet_lose_ratio,delay_min,delay_max,delay_avg,delay_stdev
43.227.197.138,443,3s,2022-04-06 13:27:10,5213,4931,282,5.41%,255.63ms,2415.38ms,626.03ms,500.19ms

Fail:
time,seq,reason
2022-04-06 12:00:26,13,dial tcp 43.227.197.138:443: i/o timeout
2022-04-06 12:00:39,26,dial tcp 43.227.197.138:443: i/o timeout
2022-04-06 12:00:45,32,dial tcp 43.227.197.138:443: i/o timeout
2022-04-06 12:01:04,51,dial tcp 43.227.197.138:443: i/o timeout
2022-04-06 12:01:36,83,dial tcp 43.227.197.138:443: i/o timeout
2022-04-06 12:01:41,88,dial tcp 43.227.197.138:443: i/o timeout
2022-04-06 12:02:11,118,dial tcp 43.227.197.138:443: i/o timeout
2022-04-06 12:02:37,144,dial tcp 43.227.197.138:443: i/o timeout
2022-04-06 12:02:53,160,dial tcp 43.227.197.138:443: i/o timeout
2022-04-06 12:03:35,202,dial tcp 43.227.197.138:443: i/o timeout
2022-04-06 12:03:40,207,dial tcp 43.227.197.138:443: i/o timeout
2022-04-06 12:04:19,246,dial tcp 43.227.197.138:443: i/o timeout
2022-04-06 12:05:24,311,dial tcp 43.227.197.138:443: i/o timeout
2022-04-06 12:05:25,312,dial tcp 43.227.197.138:443: i/o timeout
2022-04-06 12:05:40,327,dial tcp 43.227.197.138:443: i/o timeout
2022-04-06 12:05:58,345,dial tcp 43.227.197.138:443: i/o timeout
2022-04-06 12:06:02,349,dial tcp 43.227.197.138:443: i/o timeout
2022-04-06 12:06:54,401,dial tcp 43.227.197.138:443: i/o timeout
2022-04-06 12:07:56,463,dial tcp 43.227.197.138:443: i/o timeout
2022-04-06 12:08:59,526,dial tcp 43.227.197.138:443: i/o timeout
2022-04-06 12:09:25,552,dial tcp 43.227.197.138:443: i/o timeout
2022-04-06 12:09:27,554,dial tcp 43.227.197.138:443: i/o timeout
2022-04-06 12:09:32,559,dial tcp 43.227.197.138:443: i/o timeout
2022-04-06 12:10:32,619,dial tcp 43.227.197.138:443: i/o timeout
2022-04-06 12:10:54,641,dial tcp 43.227.197.138:443: i/o timeout
2022-04-06 12:10:56,643,dial tcp 43.227.197.138:443: i/o timeout
2022-04-06 12:11:15,662,dial tcp 43.227.197.138:443: i/o timeout
2022-04-06 12:11:34,681,dial tcp 43.227.197.138:443: i/o timeout
2022-04-06 12:11:57,704,dial tcp 43.227.197.138:443: i/o timeout
2022-04-06 12:12:44,751,dial tcp 43.227.197.138:443: i/o timeout
2022-04-06 12:13:14,781,dial tcp 43.227.197.138:443: i/o timeout
2022-04-06 12:15:25,912,dial tcp 43.227.197.138:443: i/o timeout
2022-04-06 12:15:52,939,dial tcp 43.227.197.138:443: i/o timeout
2022-04-06 12:16:03,950,dial tcp 43.227.197.138:443: i/o timeout
2022-04-06 12:16:30,977,dial tcp 43.227.197.138:443: i/o timeout
2022-04-06 12:16:46,993,dial tcp 43.227.197.138:443: i/o timeout
2022-04-06 12:16:52,999,dial tcp 43.227.197.138:443: i/o timeout
2022-04-06 12:16:58,1005,dial tcp 43.227.197.138:443: i/o timeout
2022-04-06 12:17:12,1019,dial tcp 43.227.197.138:443: i/o timeout
2022-04-06 12:17:27,1034,dial tcp 43.227.197.138:443: i/o timeout
2022-04-06 12:17:28,1035,dial tcp 43.227.197.138:443: i/o timeout
2022-04-06 12:17:38,1045,dial tcp 43.227.197.138:443: i/o timeout
2022-04-06 12:18:31,1098,dial tcp 43.227.197.138:443: i/o timeout
2022-04-06 12:19:21,1148,dial tcp 43.227.197.138:443: i/o timeout
2022-04-06 12:19:34,1161,dial tcp 43.227.197.138:443: i/o timeout
2022-04-06 12:19:42,1169,dial tcp 43.227.197.138:443: i/o timeout
2022-04-06 12:20:05,1192,dial tcp 43.227.197.138:443: i/o timeout
2022-04-06 12:20:11,1198,dial tcp 43.227.197.138:443: i/o timeout
2022-04-06 12:21:13,1260,dial tcp 43.227.197.138:443: i/o timeout
2022-04-06 12:22:01,1308,dial tcp 43.227.197.138:443: i/o timeout
2022-04-06 12:22:23,1330,dial tcp 43.227.197.138:443: i/o timeout
2022-04-06 12:22:42,1349,dial tcp 43.227.197.138:443: i/o timeout
2022-04-06 12:22:46,1353,dial tcp 43.227.197.138:443: i/o timeout
2022-04-06 12:22:49,1356,dial tcp 43.227.197.138:443: i/o timeout
2022-04-06 12:22:51,1358,dial tcp 43.227.197.138:443: i/o timeout
2022-04-06 12:22:55,1362,dial tcp 43.227.197.138:443: i/o timeout
2022-04-06 12:23:11,1378,dial tcp 43.227.197.138:443: i/o timeout
2022-04-06 12:23:23,1390,dial tcp 43.227.197.138:443: i/o timeout
2022-04-06 12:23:38,1405,dial tcp 43.227.197.138:443: i/o timeout
2022-04-06 12:24:02,1429,dial tcp 43.227.197.138:443: i/o timeout
2022-04-06 12:25:09,1496,dial tcp 43.227.197.138:443: i/o timeout
2022-04-06 12:25:20,1507,dial tcp 43.227.197.138:443: i/o timeout
2022-04-06 12:25:26,1513,dial tcp 43.227.197.138:443: i/o timeout
2022-04-06 12:25:27,1514,dial tcp 43.227.197.138:443: i/o timeout
2022-04-06 12:25:35,1522,dial tcp 43.227.197.138:443: i/o timeout
2022-04-06 12:25:37,1524,dial tcp 43.227.197.138:443: i/o timeout
2022-04-06 12:25:38,1525,dial tcp 43.227.197.138:443: i/o timeout
2022-04-06 12:25:44,1531,dial tcp 43.227.197.138:443: i/o timeout
2022-04-06 12:25:47,1534,dial tcp 43.227.197.138:443: i/o timeout
2022-04-06 12:25:52,1539,dial tcp 43.227.197.138:443: i/o timeout
2022-04-06 12:26:04,1551,dial tcp 43.227.197.138:443: i/o timeout
2022-04-06 12:26:07,1554,dial tcp 43.227.197.138:443: i/o timeout
2022-04-06 12:26:43,1590,dial tcp 43.227.197.138:443: i/o timeout
2022-04-06 12:27:10,1617,dial tcp 43.227.197.138:443: i/o timeout
2022-04-06 12:27:45,1652,dial tcp 43.227.197.138:443: i/o timeout
2022-04-06 12:27:59,1666,dial tcp 43.227.197.138:443: i/o timeout
2022-04-06 12:28:10,1677,dial tcp 43.227.197.138:443: i/o timeout
2022-04-06 12:28:37,1704,dial tcp 43.227.197.138:443: i/o timeout
2022-04-06 12:28:39,1706,dial tcp 43.227.197.138:443: i/o timeout
2022-04-06 12:29:03,1730,dial tcp 43.227.197.138:443: i/o timeout
2022-04-06 12:29:41,1768,dial tcp 43.227.197.138:443: i/o timeout
2022-04-06 12:30:02,1789,dial tcp 43.227.197.138:443: i/o timeout
2022-04-06 12:31:16,1863,dial tcp 43.227.197.138:443: i/o timeout
2022-04-06 12:32:04,1911,dial tcp 43.227.197.138:443: i/o timeout
2022-04-06 12:32:22,1929,dial tcp 43.227.197.138:443: i/o timeout
2022-04-06 12:32:25,1932,dial tcp 43.227.197.138:443: i/o timeout
2022-04-06 12:32:46,1953,dial tcp 43.227.197.138:443: i/o timeout
2022-04-06 12:33:38,2005,dial tcp 43.227.197.138:443: i/o timeout
2022-04-06 12:34:10,2037,dial tcp 43.227.197.138:443: i/o timeout
2022-04-06 12:34:48,2074,dial tcp 43.227.197.138:443: i/o timeout
2022-04-06 12:34:55,2081,dial tcp 43.227.197.138:443: i/o timeout
2022-04-06 12:35:24,2110,dial tcp 43.227.197.138:443: i/o timeout
2022-04-06 12:35:27,2113,dial tcp 43.227.197.138:443: i/o timeout
2022-04-06 12:35:37,2123,dial tcp 43.227.197.138:443: i/o timeout
2022-04-06 12:35:43,2129,dial tcp 43.227.197.138:443: i/o timeout
2022-04-06 12:36:18,2164,dial tcp 43.227.197.138:443: i/o timeout
2022-04-06 12:36:33,2179,dial tcp 43.227.197.138:443: i/o timeout
2022-04-06 12:36:44,2190,dial tcp 43.227.197.138:443: i/o timeout
2022-04-06 12:37:19,2225,dial tcp 43.227.197.138:443: i/o timeout
2022-04-06 12:38:04,2270,dial tcp 43.227.197.138:443: i/o timeout
2022-04-06 12:38:09,2275,dial tcp 43.227.197.138:443: i/o timeout
2022-04-06 12:38:11,2277,dial tcp 43.227.197.138:443: i/o timeout
2022-04-06 12:38:13,2279,dial tcp 43.227.197.138:443: i/o timeout
2022-04-06 12:38:15,2281,dial tcp 43.227.197.138:443: i/o timeout
2022-04-06 12:38:16,2282,dial tcp 43.227.197.138:443: i/o timeout
2022-04-06 12:38:23,2289,dial tcp 43.227.197.138:443: i/o timeout
2022-04-06 12:38:47,2313,dial tcp 43.227.197.138:443: i/o timeout
2022-04-06 12:39:44,2370,dial tcp 43.227.197.138:443: i/o timeout
2022-04-06 12:39:56,2382,dial tcp 43.227.197.138:443: i/o timeout
2022-04-06 12:40:22,2408,dial tcp 43.227.197.138:443: i/o timeout
2022-04-06 12:40:32,2418,dial tcp 43.227.197.138:443: i/o timeout
2022-04-06 12:40:39,2425,dial tcp 43.227.197.138:443: i/o timeout
2022-04-06 12:41:20,2466,dial tcp 43.227.197.138:443: i/o timeout
2022-04-06 12:41:24,2470,dial tcp 43.227.197.138:443: i/o timeout
2022-04-06 12:41:26,2472,dial tcp 43.227.197.138:443: i/o timeout
2022-04-06 12:41:28,2474,dial tcp 43.227.197.138:443: i/o timeout
2022-04-06 12:41:30,2476,dial tcp 43.227.197.138:443: i/o timeout
2022-04-06 12:41:44,2490,dial tcp 43.227.197.138:443: i/o timeout
2022-04-06 12:42:15,2521,dial tcp 43.227.197.138:443: i/o timeout
2022-04-06 12:43:18,2584,dial tcp 43.227.197.138:443: i/o timeout
2022-04-06 12:44:24,2650,dial tcp 43.227.197.138:443: i/o timeout
2022-04-06 12:44:34,2660,dial tcp 43.227.197.138:443: i/o timeout
2022-04-06 12:44:43,2669,dial tcp 43.227.197.138:443: i/o timeout
2022-04-06 12:44:54,2680,dial tcp 43.227.197.138:443: i/o timeout
2022-04-06 12:45:00,2686,dial tcp 43.227.197.138:443: i/o timeout
2022-04-06 12:45:04,2690,dial tcp 43.227.197.138:443: i/o timeout
2022-04-06 12:45:38,2724,dial tcp 43.227.197.138:443: i/o timeout
2022-04-06 12:45:56,2742,dial tcp 43.227.197.138:443: i/o timeout
2022-04-06 12:46:07,2753,dial tcp 43.227.197.138:443: i/o timeout
2022-04-06 12:46:20,2766,dial tcp 43.227.197.138:443: i/o timeout
2022-04-06 12:46:29,2775,dial tcp 43.227.197.138:443: i/o timeout
2022-04-06 12:46:43,2789,dial tcp 43.227.197.138:443: i/o timeout
2022-04-06 12:46:50,2796,dial tcp 43.227.197.138:443: i/o timeout
2022-04-06 12:46:52,2798,dial tcp 43.227.197.138:443: i/o timeout
2022-04-06 12:47:19,2825,dial tcp 43.227.197.138:443: i/o timeout
2022-04-06 12:48:33,2899,dial tcp 43.227.197.138:443: i/o timeout
2022-04-06 12:48:56,2922,dial tcp 43.227.197.138:443: i/o timeout
2022-04-06 12:49:00,2926,dial tcp 43.227.197.138:443: i/o timeout
2022-04-06 12:49:27,2953,dial tcp 43.227.197.138:443: i/o timeout
2022-04-06 12:49:29,2955,dial tcp 43.227.197.138:443: i/o timeout
2022-04-06 12:49:30,2956,dial tcp 43.227.197.138:443: i/o timeout
2022-04-06 12:49:31,2957,dial tcp 43.227.197.138:443: i/o timeout
2022-04-06 12:49:42,2968,dial tcp 43.227.197.138:443: i/o timeout
2022-04-06 12:49:45,2971,dial tcp 43.227.197.138:443: i/o timeout
2022-04-06 12:49:56,2982,dial tcp 43.227.197.138:443: i/o timeout
2022-04-06 12:50:12,2998,dial tcp 43.227.197.138:443: i/o timeout
2022-04-06 12:50:20,3006,dial tcp 43.227.197.138:443: i/o timeout
2022-04-06 12:50:25,3011,dial tcp 43.227.197.138:443: i/o timeout
2022-04-06 12:50:30,3016,dial tcp 43.227.197.138:443: i/o timeout
2022-04-06 12:50:35,3021,dial tcp 43.227.197.138:443: i/o timeout
2022-04-06 12:50:42,3028,dial tcp 43.227.197.138:443: i/o timeout
2022-04-06 12:51:46,3092,dial tcp 43.227.197.138:443: i/o timeout
2022-04-06 12:51:51,3097,dial tcp 43.227.197.138:443: i/o timeout
2022-04-06 12:51:57,3103,dial tcp 43.227.197.138:443: i/o timeout
2022-04-06 12:53:49,3215,dial tcp 43.227.197.138:443: i/o timeout
2022-04-06 12:54:00,3226,dial tcp 43.227.197.138:443: i/o timeout
2022-04-06 12:54:18,3244,dial tcp 43.227.197.138:443: i/o timeout
2022-04-06 12:54:28,3254,dial tcp 43.227.197.138:443: i/o timeout
2022-04-06 12:54:37,3263,dial tcp 43.227.197.138:443: i/o timeout
2022-04-06 12:54:38,3264,dial tcp 43.227.197.138:443: i/o timeout
2022-04-06 12:55:35,3321,dial tcp 43.227.197.138:443: i/o timeout
2022-04-06 12:55:44,3330,dial tcp 43.227.197.138:443: i/o timeout
2022-04-06 12:56:02,3348,dial tcp 43.227.197.138:443: i/o timeout
2022-04-06 12:56:12,3358,dial tcp 43.227.197.138:443: i/o timeout
2022-04-06 12:56:26,3372,dial tcp 43.227.197.138:443: i/o timeout
2022-04-06 12:56:27,3373,dial tcp 43.227.197.138:443: i/o timeout
2022-04-06 12:56:41,3387,dial tcp 43.227.197.138:443: i/o timeout
2022-04-06 12:56:42,3388,dial tcp 43.227.197.138:443: i/o timeout
2022-04-06 12:56:46,3392,dial tcp 43.227.197.138:443: i/o timeout
2022-04-06 12:56:53,3399,dial tcp 43.227.197.138:443: i/o timeout
2022-04-06 12:56:54,3400,dial tcp 43.227.197.138:443: i/o timeout
2022-04-06 12:56:55,3401,dial tcp 43.227.197.138:443: i/o timeout
2022-04-06 12:57:06,3412,dial tcp 43.227.197.138:443: i/o timeout
2022-04-06 12:57:24,3430,dial tcp 43.227.197.138:443: i/o timeout
2022-04-06 12:57:35,3441,dial tcp 43.227.197.138:443: i/o timeout
2022-04-06 12:58:22,3488,dial tcp 43.227.197.138:443: i/o timeout
2022-04-06 12:58:36,3502,dial tcp 43.227.197.138:443: i/o timeout
2022-04-06 12:58:43,3509,dial tcp 43.227.197.138:443: i/o timeout
2022-04-06 12:58:47,3513,dial tcp 43.227.197.138:443: i/o timeout
2022-04-06 12:59:37,3563,dial tcp 43.227.197.138:443: i/o timeout
2022-04-06 13:00:02,3588,dial tcp 43.227.197.138:443: i/o timeout
2022-04-06 13:00:11,3597,dial tcp 43.227.197.138:443: i/o timeout
2022-04-06 13:00:35,3621,dial tcp 43.227.197.138:443: i/o timeout
2022-04-06 13:00:43,3629,dial tcp 43.227.197.138:443: i/o timeout
2022-04-06 13:00:44,3630,dial tcp 43.227.197.138:443: i/o timeout
2022-04-06 13:01:03,3649,dial tcp 43.227.197.138:443: i/o timeout
2022-04-06 13:01:11,3657,dial tcp 43.227.197.138:443: i/o timeout
2022-04-06 13:01:21,3667,dial tcp 43.227.197.138:443: i/o timeout
2022-04-06 13:01:24,3670,dial tcp 43.227.197.138:443: i/o timeout
2022-04-06 13:01:32,3678,dial tcp 43.227.197.138:443: i/o timeout
2022-04-06 13:01:38,3684,dial tcp 43.227.197.138:443: i/o timeout
2022-04-06 13:01:41,3687,dial tcp 43.227.197.138:443: i/o timeout
2022-04-06 13:01:55,3701,dial tcp 43.227.197.138:443: i/o timeout
2022-04-06 13:02:40,3746,dial tcp 43.227.197.138:443: i/o timeout
2022-04-06 13:02:45,3751,dial tcp 43.227.197.138:443: i/o timeout
2022-04-06 13:02:59,3765,dial tcp 43.227.197.138:443: i/o timeout
2022-04-06 13:03:24,3790,dial tcp 43.227.197.138:443: i/o timeout
2022-04-06 13:03:55,3821,dial tcp 43.227.197.138:443: i/o timeout
2022-04-06 13:03:56,3822,dial tcp 43.227.197.138:443: i/o timeout
2022-04-06 13:04:32,3858,dial tcp 43.227.197.138:443: i/o timeout
2022-04-06 13:05:06,3892,dial tcp 43.227.197.138:443: i/o timeout
2022-04-06 13:05:12,3898,dial tcp 43.227.197.138:443: i/o timeout
2022-04-06 13:05:16,3902,dial tcp 43.227.197.138:443: i/o timeout
2022-04-06 13:05:18,3904,dial tcp 43.227.197.138:443: i/o timeout
2022-04-06 13:05:56,3942,dial tcp 43.227.197.138:443: i/o timeout
2022-04-06 13:06:35,3981,dial tcp 43.227.197.138:443: i/o timeout
2022-04-06 13:06:49,3995,dial tcp 43.227.197.138:443: i/o timeout
2022-04-06 13:07:40,4046,dial tcp 43.227.197.138:443: i/o timeout
2022-04-06 13:07:53,4059,dial tcp 43.227.197.138:443: i/o timeout
2022-04-06 13:08:00,4066,dial tcp 43.227.197.138:443: i/o timeout
2022-04-06 13:08:12,4078,dial tcp 43.227.197.138:443: i/o timeout
2022-04-06 13:08:15,4081,dial tcp 43.227.197.138:443: i/o timeout
2022-04-06 13:08:19,4085,dial tcp 43.227.197.138:443: i/o timeout
2022-04-06 13:08:41,4107,dial tcp 43.227.197.138:443: i/o timeout
2022-04-06 13:08:47,4113,dial tcp 43.227.197.138:443: i/o timeout
2022-04-06 13:09:08,4134,dial tcp 43.227.197.138:443: i/o timeout
2022-04-06 13:09:10,4136,dial tcp 43.227.197.138:443: i/o timeout
2022-04-06 13:09:24,4150,dial tcp 43.227.197.138:443: i/o timeout
2022-04-06 13:09:28,4154,dial tcp 43.227.197.138:443: i/o timeout
2022-04-06 13:09:37,4163,dial tcp 43.227.197.138:443: i/o timeout
2022-04-06 13:09:38,4164,dial tcp 43.227.197.138:443: i/o timeout
2022-04-06 13:09:47,4173,dial tcp 43.227.197.138:443: i/o timeout
2022-04-06 13:10:24,4210,dial tcp 43.227.197.138:443: i/o timeout
2022-04-06 13:10:31,4217,dial tcp 43.227.197.138:443: i/o timeout
2022-04-06 13:10:58,4244,dial tcp 43.227.197.138:443: i/o timeout
2022-04-06 13:11:29,4275,dial tcp 43.227.197.138:443: i/o timeout
2022-04-06 13:11:38,4284,dial tcp 43.227.197.138:443: i/o timeout
2022-04-06 13:11:42,4288,dial tcp 43.227.197.138:443: i/o timeout
2022-04-06 13:12:04,4310,dial tcp 43.227.197.138:443: i/o timeout
2022-04-06 13:12:26,4332,dial tcp 43.227.197.138:443: i/o timeout
2022-04-06 13:12:39,4345,dial tcp 43.227.197.138:443: i/o timeout
2022-04-06 13:12:57,4363,dial tcp 43.227.197.138:443: i/o timeout
2022-04-06 13:13:03,4369,dial tcp 43.227.197.138:443: i/o timeout
2022-04-06 13:13:16,4382,dial tcp 43.227.197.138:443: i/o timeout
2022-04-06 13:13:46,4412,dial tcp 43.227.197.138:443: i/o timeout
2022-04-06 13:13:49,4415,dial tcp 43.227.197.138:443: i/o timeout
2022-04-06 13:13:56,4422,dial tcp 43.227.197.138:443: i/o timeout
2022-04-06 13:14:00,4426,dial tcp 43.227.197.138:443: i/o timeout
2022-04-06 13:14:10,4436,dial tcp 43.227.197.138:443: i/o timeout
2022-04-06 13:14:11,4437,dial tcp 43.227.197.138:443: i/o timeout
2022-04-06 13:14:38,4464,dial tcp 43.227.197.138:443: i/o timeout
2022-04-06 13:15:03,4489,dial tcp 43.227.197.138:443: i/o timeout
2022-04-06 13:15:17,4503,dial tcp 43.227.197.138:443: i/o timeout
2022-04-06 13:15:28,4514,dial tcp 43.227.197.138:443: i/o timeout
2022-04-06 13:15:50,4536,dial tcp 43.227.197.138:443: i/o timeout
2022-04-06 13:15:52,4538,dial tcp 43.227.197.138:443: i/o timeout
2022-04-06 13:15:53,4539,dial tcp 43.227.197.138:443: i/o timeout
2022-04-06 13:15:56,4542,dial tcp 43.227.197.138:443: i/o timeout
2022-04-06 13:15:57,4543,dial tcp 43.227.197.138:443: i/o timeout
2022-04-06 13:16:15,4561,dial tcp 43.227.197.138:443: i/o timeout
2022-04-06 13:16:26,4572,dial tcp 43.227.197.138:443: i/o timeout
2022-04-06 13:16:57,4603,dial tcp 43.227.197.138:443: i/o timeout
2022-04-06 13:17:13,4619,dial tcp 43.227.197.138:443: i/o timeout
2022-04-06 13:17:23,4629,dial tcp 43.227.197.138:443: i/o timeout
2022-04-06 13:17:25,4631,dial tcp 43.227.197.138:443: i/o timeout
2022-04-06 13:18:11,4677,dial tcp 43.227.197.138:443: i/o timeout
2022-04-06 13:18:12,4678,dial tcp 43.227.197.138:443: i/o timeout
2022-04-06 13:18:47,4713,dial tcp 43.227.197.138:443: i/o timeout
2022-04-06 13:19:17,4743,dial tcp 43.227.197.138:443: i/o timeout
2022-04-06 13:19:27,4753,dial tcp 43.227.197.138:443: i/o timeout
2022-04-06 13:19:37,4763,dial tcp 43.227.197.138:443: i/o timeout
2022-04-06 13:20:00,4786,dial tcp 43.227.197.138:443: i/o timeout
2022-04-06 13:20:24,4810,dial tcp 43.227.197.138:443: i/o timeout
2022-04-06 13:20:37,4823,dial tcp 43.227.197.138:443: i/o timeout
2022-04-06 13:20:40,4826,dial tcp 43.227.197.138:443: i/o timeout
2022-04-06 13:21:02,4848,dial tcp 43.227.197.138:443: i/o timeout
2022-04-06 13:21:03,4849,dial tcp 43.227.197.138:443: i/o timeout
2022-04-06 13:21:14,4860,dial tcp 43.227.197.138:443: i/o timeout
2022-04-06 13:21:23,4869,dial tcp 43.227.197.138:443: i/o timeout
2022-04-06 13:22:25,4931,dial tcp 43.227.197.138:443: i/o timeout
2022-04-06 13:22:42,4948,dial tcp 43.227.197.138:443: i/o timeout
2022-04-06 13:24:11,5037,dial tcp 43.227.197.138:443: i/o timeout
2022-04-06 13:24:22,5048,dial tcp 43.227.197.138:443: i/o timeout
2022-04-06 13:24:29,5055,dial tcp 43.227.197.138:443: i/o timeout
2022-04-06 13:24:59,5085,dial tcp 43.227.197.138:443: i/o timeout
2022-04-06 13:25:08,5094,dial tcp 43.227.197.138:443: i/o timeout
2022-04-06 13:25:26,5112,dial tcp 43.227.197.138:443: i/o timeout
2022-04-06 13:25:35,5121,dial tcp 43.227.197.138:443: i/o timeout
2022-04-06 13:26:14,5160,dial tcp 43.227.197.138:443: i/o timeout
2022-04-06 13:26:27,5173,dial tcp 43.227.197.138:443: i/o timeout
2022-04-06 13:26:31,5177,dial tcp 43.227.197.138:443: i/o timeout
2022-04-06 13:27:07,5213,dial tcp 43.227.197.138:443: i/o timeout

Success:
time,seq,delay
2022-04-06 12:00:14,1,1307.12ms
2022-04-06 12:00:15,2,277.45ms
2022-04-06 12:00:16,3,1289.00ms
2022-04-06 12:00:17,4,286.09ms
2022-04-06 12:00:18,5,263.48ms
2022-04-06 12:00:19,6,288.97ms
2022-04-06 12:00:20,7,1297.12ms
2022-04-06 12:00:21,8,275.26ms
2022-04-06 12:00:22,9,289.03ms
2022-04-06 12:00:23,10,294.98ms
2022-04-06 12:00:24,11,285.73ms
2022-04-06 12:00:25,12,299.41ms
2022-04-06 12:00:27,14,1321.80ms
2022-04-06 12:00:28,15,1306.85ms
2022-04-06 12:00:29,16,1299.79ms
2022-04-06 12:00:30,17,272.03ms
2022-04-06 12:00:31,18,287.44ms
2022-04-06 12:00:32,19,280.43ms
2022-04-06 12:00:33,20,280.99ms
2022-04-06 12:00:34,21,279.53ms
2022-04-06 12:00:35,22,1309.91ms
2022-04-06 12:00:36,23,284.74ms
2022-04-06 12:00:37,24,1277.81ms
2022-04-06 12:00:38,25,278.63ms
2022-04-06 12:00:40,27,288.77ms
2022-04-06 12:00:41,28,1597.21ms
2022-04-06 12:00:42,29,274.68ms
2022-04-06 12:00:43,30,298.08ms
2022-04-06 12:00:44,31,1285.70ms
2022-04-06 12:00:46,33,285.20ms
2022-04-06 12:00:47,34,1315.40ms
2022-04-06 12:00:48,35,295.57ms
2022-04-06 12:00:49,36,285.98ms
2022-04-06 12:00:50,37,278.58ms
2022-04-06 12:00:51,38,1316.48ms
2022-04-06 12:00:52,39,1309.06ms
2022-04-06 12:00:53,40,298.63ms
2022-04-06 12:00:54,41,287.35ms
2022-04-06 12:00:55,42,1289.46ms
2022-04-06 12:00:56,43,287.63ms
2022-04-06 12:00:57,44,292.03ms
2022-04-06 12:00:58,45,283.71ms
2022-04-06 12:00:59,46,284.07ms
2022-04-06 12:01:00,47,286.05ms
2022-04-06 12:01:01,48,1282.44ms
2022-04-06 12:01:02,49,285.99ms
2022-04-06 12:01:03,50,1289.85ms
2022-04-06 12:01:05,52,278.58ms
2022-04-06 12:01:06,53,277.82ms
2022-04-06 12:01:07,54,281.39ms
2022-04-06 12:01:08,55,285.15ms
2022-04-06 12:01:09,56,284.65ms
2022-04-06 12:01:10,57,276.94ms
2022-04-06 12:01:11,58,1282.73ms
2022-04-06 12:01:12,59,276.35ms
2022-04-06 12:01:13,60,295.35ms
2022-04-06 12:01:14,61,1310.95ms
2022-04-06 12:01:15,62,280.88ms
2022-04-06 12:01:16,63,292.35ms
2022-04-06 12:01:17,64,1299.42ms
2022-04-06 12:01:18,65,1290.43ms
2022-04-06 12:01:19,66,283.02ms
2022-04-06 12:01:20,67,287.35ms
2022-04-06 12:01:21,68,291.62ms
2022-04-06 12:01:22,69,291.51ms
2022-04-06 12:01:23,70,1318.31ms
2022-04-06 12:01:24,71,1702.78ms
2022-04-06 12:01:25,72,323.59ms
2022-04-06 12:01:26,73,319.07ms
2022-04-06 12:01:27,74,310.62ms
2022-04-06 12:01:28,75,1309.01ms
2022-04-06 12:01:29,76,315.86ms
2022-04-06 12:01:30,77,309.35ms
2022-04-06 12:01:31,78,306.36ms
2022-04-06 12:01:32,79,311.14ms
2022-04-06 12:01:33,80,1309.40ms
2022-04-06 12:01:34,81,318.50ms
2022-04-06 12:01:35,82,303.96ms
2022-04-06 12:01:37,84,319.34ms
2022-04-06 12:01:38,85,311.54ms
2022-04-06 12:01:39,86,313.23ms
2022-04-06 12:01:40,87,325.69ms
2022-04-06 12:01:42,89,294.88ms
2022-04-06 12:01:43,90,1330.98ms
2022-04-06 12:01:44,91,1342.75ms
2022-04-06 12:01:45,92,302.18ms
2022-04-06 12:01:46,93,1333.10ms
2022-04-06 12:01:47,94,1331.50ms
2022-04-06 12:01:48,95,302.17ms
2022-04-06 12:01:49,96,304.08ms
2022-04-06 12:01:50,97,309.53ms
2022-04-06 12:01:51,98,311.68ms
2022-04-06 12:01:52,99,1498.79ms
2022-04-06 12:01:53,100,1715.57ms
2022-04-06 12:01:54,101,1310.76ms
2022-04-06 12:01:55,102,1301.58ms
2022-04-06 12:01:56,103,1293.88ms
2022-04-06 12:01:57,104,293.86ms
2022-04-06 12:01:58,105,1319.01ms
2022-04-06 12:01:59,106,1349.94ms
2022-04-06 12:02:00,107,1303.98ms
2022-04-06 12:02:01,108,284.54ms
2022-04-06 12:02:02,109,294.34ms
2022-04-06 12:02:03,110,306.09ms
2022-04-06 12:02:04,111,294.81ms
2022-04-06 12:02:05,112,305.64ms
2022-04-06 12:02:06,113,1295.84ms
2022-04-06 12:02:07,114,304.37ms
2022-04-06 12:02:08,115,298.67ms
2022-04-06 12:02:09,116,303.17ms
2022-04-06 12:02:10,117,288.16ms
2022-04-06 12:02:12,119,1317.30ms
2022-04-06 12:02:13,120,275.33ms
2022-04-06 12:02:14,121,275.57ms
2022-04-06 12:02:15,122,274.01ms
2022-04-06 12:02:16,123,1316.93ms
2022-04-06 12:02:17,124,300.44ms
2022-04-06 12:02:18,125,1304.80ms
2022-04-06 12:02:19,126,1310.82ms
2022-04-06 12:02:20,127,283.78ms
2022-04-06 12:02:21,128,288.19ms
2022-04-06 12:02:22,129,283.05ms
2022-04-06 12:02:23,130,299.31ms
2022-04-06 12:02:24,131,288.90ms
2022-04-06 12:02:25,132,280.19ms
2022-04-06 12:02:26,133,1498.58ms
2022-04-06 12:02:27,134,285.41ms
2022-04-06 12:02:28,135,288.08ms
2022-04-06 12:02:29,136,290.39ms
2022-04-06 12:02:30,137,300.26ms
2022-04-06 12:02:31,138,285.84ms
2022-04-06 12:02:32,139,295.38ms
2022-04-06 12:02:33,140,1285.98ms
2022-04-06 12:02:34,141,1398.69ms
2022-04-06 12:02:35,142,275.74ms
2022-04-06 12:02:36,143,281.68ms
2022-04-06 12:02:38,145,285.56ms
2022-04-06 12:02:39,146,278.74ms
2022-04-06 12:02:40,147,1297.61ms
2022-04-06 12:02:41,148,300.70ms
2022-04-06 12:02:42,149,287.77ms
2022-04-06 12:02:43,150,1479.26ms
2022-04-06 12:02:44,151,282.67ms
2022-04-06 12:02:45,152,279.85ms
2022-04-06 12:02:46,153,1490.84ms
2022-04-06 12:02:47,154,283.84ms
2022-04-06 12:02:48,155,1285.30ms
2022-04-06 12:02:49,156,1284.88ms
2022-04-06 12:02:50,157,1308.31ms
2022-04-06 12:02:51,158,1314.01ms
2022-04-06 12:02:52,159,1321.78ms
2022-04-06 12:02:54,161,272.90ms
2022-04-06 12:02:55,162,299.10ms
2022-04-06 12:02:56,163,300.30ms
2022-04-06 12:02:57,164,305.72ms
2022-04-06 12:02:58,165,278.35ms
2022-04-06 12:02:59,166,291.39ms
2022-04-06 12:03:00,167,282.24ms
2022-04-06 12:03:01,168,290.01ms
2022-04-06 12:03:02,169,280.67ms
2022-04-06 12:03:03,170,278.73ms
2022-04-06 12:03:04,171,296.20ms
2022-04-06 12:03:05,172,1483.95ms
2022-04-06 12:03:06,173,284.44ms
2022-04-06 12:03:07,174,299.79ms
2022-04-06 12:03:08,175,286.16ms
2022-04-06 12:03:09,176,292.76ms
2022-04-06 12:03:10,177,288.11ms
2022-04-06 12:03:11,178,287.63ms
2022-04-06 12:03:12,179,1492.96ms
2022-04-06 12:03:13,180,1271.32ms
2022-04-06 12:03:14,181,272.70ms
2022-04-06 12:03:15,182,286.42ms
2022-04-06 12:03:16,183,1280.65ms
2022-04-06 12:03:17,184,282.45ms
2022-04-06 12:03:18,185,1299.08ms
2022-04-06 12:03:19,186,289.40ms
2022-04-06 12:03:20,187,279.85ms
2022-04-06 12:03:21,188,1280.24ms
2022-04-06 12:03:22,189,278.45ms
2022-04-06 12:03:23,190,282.68ms
2022-04-06 12:03:24,191,308.90ms
2022-04-06 12:03:25,192,291.45ms
2022-04-06 12:03:26,193,283.98ms
2022-04-06 12:03:27,194,277.98ms
2022-04-06 12:03:28,195,283.51ms
2022-04-06 12:03:29,196,273.23ms
2022-04-06 12:03:30,197,294.34ms
2022-04-06 12:03:31,198,286.64ms
2022-04-06 12:03:32,199,287.54ms
2022-04-06 12:03:33,200,276.34ms
2022-04-06 12:03:34,201,1289.60ms
2022-04-06 12:03:36,203,280.07ms
2022-04-06 12:03:37,204,277.81ms
2022-04-06 12:03:38,205,282.05ms
2022-04-06 12:03:39,206,1287.59ms
2022-04-06 12:03:41,208,1284.44ms
2022-04-06 12:03:42,209,1308.18ms
2022-04-06 12:03:43,210,279.11ms
2022-04-06 12:03:44,211,291.40ms
2022-04-06 12:03:45,212,1478.91ms
2022-04-06 12:03:46,213,1284.51ms
2022-04-06 12:03:47,214,1310.35ms
2022-04-06 12:03:48,215,269.07ms
2022-04-06 12:03:49,216,281.08ms
2022-04-06 12:03:50,217,272.55ms
2022-04-06 12:03:51,218,275.09ms
2022-04-06 12:03:52,219,297.20ms
2022-04-06 12:03:53,220,1281.04ms
2022-04-06 12:03:54,221,1278.18ms
2022-04-06 12:03:55,222,285.63ms
2022-04-06 12:03:56,223,273.64ms
2022-04-06 12:03:57,224,297.74ms
2022-04-06 12:03:58,225,1291.60ms
2022-04-06 12:03:59,226,1258.09ms
2022-04-06 12:04:00,227,279.98ms
2022-04-06 12:04:01,228,293.05ms
2022-04-06 12:04:02,229,286.45ms
2022-04-06 12:04:03,230,286.49ms
2022-04-06 12:04:04,231,1305.60ms
2022-04-06 12:04:05,232,281.32ms
2022-04-06 12:04:06,233,1274.64ms
2022-04-06 12:04:07,234,280.54ms
2022-04-06 12:04:08,235,288.17ms
2022-04-06 12:04:09,236,298.23ms
2022-04-06 12:04:10,237,281.93ms
2022-04-06 12:04:11,238,286.16ms
2022-04-06 12:04:12,239,285.48ms
2022-04-06 12:04:13,240,1296.05ms
2022-04-06 12:04:14,241,287.86ms
2022-04-06 12:04:15,242,297.02ms
2022-04-06 12:04:16,243,1285.84ms
2022-04-06 12:04:17,244,264.44ms
2022-04-06 12:04:18,245,271.14ms
2022-04-06 12:04:20,247,1305.30ms
2022-04-06 12:04:21,248,279.22ms
2022-04-06 12:04:22,249,287.04ms
2022-04-06 12:04:23,250,1289.73ms
2022-04-06 12:04:24,251,290.16ms
2022-04-06 12:04:25,252,279.07ms
2022-04-06 12:04:26,253,286.12ms
2022-04-06 12:04:27,254,289.80ms
2022-04-06 12:04:28,255,283.26ms
2022-04-06 12:04:29,256,290.62ms
2022-04-06 12:04:30,257,274.44ms
2022-04-06 12:04:31,258,280.67ms
2022-04-06 12:04:32,259,1680.54ms
2022-04-06 12:04:33,260,282.74ms
2022-04-06 12:04:34,261,1308.19ms
2022-04-06 12:04:35,262,1305.08ms
2022-04-06 12:04:36,263,283.31ms
2022-04-06 12:04:37,264,283.22ms
2022-04-06 12:04:38,265,286.87ms
2022-04-06 12:04:39,266,280.50ms
2022-04-06 12:04:40,267,279.49ms
2022-04-06 12:04:41,268,276.66ms
2022-04-06 12:04:42,269,285.37ms
2022-04-06 12:04:43,270,1291.11ms
2022-04-06 12:04:44,271,280.78ms
2022-04-06 12:04:45,272,272.58ms
2022-04-06 12:04:46,273,279.93ms
2022-04-06 12:04:47,274,277.38ms
2022-04-06 12:04:48,275,1497.40ms
2022-04-06 12:04:49,276,1312.85ms
2022-04-06 12:04:50,277,1297.19ms
2022-04-06 12:04:51,278,1297.59ms
2022-04-06 12:04:52,279,273.89ms
2022-04-06 12:04:53,280,282.00ms
2022-04-06 12:04:54,281,280.25ms
2022-04-06 12:04:55,282,279.94ms
2022-04-06 12:04:56,283,275.27ms
2022-04-06 12:04:57,284,295.63ms
2022-04-06 12:04:58,285,276.98ms
2022-04-06 12:04:59,286,286.53ms
2022-04-06 12:05:00,287,274.99ms
2022-04-06 12:05:01,288,272.83ms
2022-04-06 12:05:02,289,1295.87ms
2022-04-06 12:05:03,290,1282.77ms
2022-04-06 12:05:04,291,1270.70ms
2022-04-06 12:05:05,292,283.22ms
2022-04-06 12:05:06,293,285.86ms
2022-04-06 12:05:07,294,1288.17ms
2022-04-06 12:05:08,295,1289.77ms
2022-04-06 12:05:09,296,1311.37ms
2022-04-06 12:05:10,297,283.14ms
2022-04-06 12:05:11,298,1307.07ms
2022-04-06 12:05:12,299,294.39ms
2022-04-06 12:05:13,300,277.89ms
2022-04-06 12:05:14,301,1287.93ms
2022-04-06 12:05:15,302,1305.69ms
2022-04-06 12:05:16,303,290.80ms
2022-04-06 12:05:17,304,298.43ms
2022-04-06 12:05:18,305,277.38ms
2022-04-06 12:05:19,306,277.81ms
2022-04-06 12:05:20,307,267.75ms
2022-04-06 12:05:21,308,287.44ms
2022-04-06 12:05:22,309,291.65ms
2022-04-06 12:05:23,310,1282.76ms
2022-04-06 12:05:26,313,309.10ms
2022-04-06 12:05:27,314,274.05ms
2022-04-06 12:05:28,315,305.96ms
2022-04-06 12:05:29,316,277.54ms
2022-04-06 12:05:30,317,287.43ms
2022-04-06 12:05:31,318,290.17ms
2022-04-06 12:05:32,319,278.99ms
2022-04-06 12:05:33,320,1286.61ms
2022-04-06 12:05:34,321,1290.66ms
2022-04-06 12:05:35,322,287.98ms
2022-04-06 12:05:36,323,280.55ms
2022-04-06 12:05:37,324,295.47ms
2022-04-06 12:05:38,325,286.31ms
2022-04-06 12:05:39,326,1304.88ms
2022-04-06 12:05:41,328,278.30ms
2022-04-06 12:05:42,329,287.54ms
2022-04-06 12:05:43,330,280.89ms
2022-04-06 12:05:44,331,298.61ms
2022-04-06 12:05:45,332,1286.12ms
2022-04-06 12:05:46,333,285.05ms
2022-04-06 12:05:47,334,276.59ms
2022-04-06 12:05:48,335,271.68ms
2022-04-06 12:05:49,336,277.65ms
2022-04-06 12:05:50,337,293.41ms
2022-04-06 12:05:51,338,1314.60ms
2022-04-06 12:05:52,339,274.76ms
2022-04-06 12:05:53,340,278.17ms
2022-04-06 12:05:54,341,283.15ms
2022-04-06 12:05:55,342,276.35ms
2022-04-06 12:05:56,343,264.04ms
2022-04-06 12:05:57,344,279.27ms
2022-04-06 12:05:59,346,277.15ms
2022-04-06 12:06:00,347,273.61ms
2022-04-06 12:06:01,348,1525.91ms
2022-04-06 12:06:03,350,274.45ms
2022-04-06 12:06:04,351,1823.40ms
2022-04-06 12:06:05,352,1302.55ms
2022-04-06 12:06:06,353,1297.85ms
2022-04-06 12:06:07,354,284.25ms
2022-04-06 12:06:08,355,292.16ms
2022-04-06 12:06:09,356,264.79ms
2022-04-06 12:06:10,357,1290.57ms
2022-04-06 12:06:11,358,281.06ms
2022-04-06 12:06:12,359,1294.97ms
2022-04-06 12:06:13,360,281.05ms
2022-04-06 12:06:14,361,280.75ms
2022-04-06 12:06:15,362,270.20ms
2022-04-06 12:06:16,363,279.54ms
2022-04-06 12:06:17,364,278.80ms
2022-04-06 12:06:18,365,289.13ms
2022-04-06 12:06:19,366,290.68ms
2022-04-06 12:06:20,367,287.68ms
2022-04-06 12:06:21,368,300.42ms
2022-04-06 12:06:22,369,300.42ms
2022-04-06 12:06:23,370,1297.83ms
2022-04-06 12:06:24,371,1275.87ms
2022-04-06 12:06:25,372,278.28ms
2022-04-06 12:06:26,373,274.40ms
2022-04-06 12:06:27,374,1493.20ms
2022-04-06 12:06:28,375,270.21ms
2022-04-06 12:06:29,376,1684.19ms
2022-04-06 12:06:30,377,278.74ms
2022-04-06 12:06:31,378,281.12ms
2022-04-06 12:06:32,379,275.92ms
2022-04-06 12:06:33,380,1289.25ms
2022-04-06 12:06:34,381,279.85ms
2022-04-06 12:06:35,382,283.26ms
2022-04-06 12:06:36,383,277.14ms
2022-04-06 12:06:37,384,285.42ms
2022-04-06 12:06:38,385,280.12ms
2022-04-06 12:06:39,386,268.23ms
2022-04-06 12:06:40,387,300.94ms
2022-04-06 12:06:41,388,283.60ms
2022-04-06 12:06:42,389,276.50ms
2022-04-06 12:06:43,390,1312.94ms
2022-04-06 12:06:44,391,277.07ms
2022-04-06 12:06:45,392,278.65ms
2022-04-06 12:06:46,393,280.94ms
2022-04-06 12:06:47,394,1295.03ms
2022-04-06 12:06:48,395,275.03ms
2022-04-06 12:06:49,396,1314.09ms
2022-04-06 12:06:50,397,281.13ms
2022-04-06 12:06:51,398,1268.98ms
2022-04-06 12:06:52,399,1311.58ms
2022-04-06 12:06:53,400,278.68ms
2022-04-06 12:06:55,402,281.80ms
2022-04-06 12:06:56,403,283.89ms
2022-04-06 12:06:57,404,288.55ms
2022-04-06 12:06:58,405,288.51ms
2022-04-06 12:06:59,406,289.10ms
2022-04-06 12:07:00,407,284.43ms
2022-04-06 12:07:01,408,1303.22ms
2022-04-06 12:07:02,409,282.82ms
2022-04-06 12:07:03,410,271.06ms
2022-04-06 12:07:04,411,1294.73ms
2022-04-06 12:07:05,412,288.38ms
2022-04-06 12:07:06,413,280.86ms
2022-04-06 12:07:07,414,282.54ms
2022-04-06 12:07:08,415,1291.46ms
2022-04-06 12:07:09,416,1302.55ms
2022-04-06 12:07:10,417,271.60ms
2022-04-06 12:07:11,418,271.99ms
2022-04-06 12:07:12,419,277.68ms
2022-04-06 12:07:13,420,293.85ms
2022-04-06 12:07:14,421,275.14ms
2022-04-06 12:07:15,422,1297.01ms
2022-04-06 12:07:16,423,287.29ms
2022-04-06 12:07:17,424,1278.40ms
2022-04-06 12:07:18,425,273.72ms
2022-04-06 12:07:19,426,281.06ms
2022-04-06 12:07:20,427,287.25ms
2022-04-06 12:07:21,428,290.38ms
2022-04-06 12:07:22,429,1293.90ms
2022-04-06 12:07:23,430,287.40ms
2022-04-06 12:07:24,431,299.36ms
2022-04-06 12:07:25,432,281.78ms
2022-04-06 12:07:26,433,1308.64ms
2022-04-06 12:07:27,434,279.70ms
2022-04-06 12:07:28,435,278.92ms
2022-04-06 12:07:29,436,1314.90ms
2022-04-06 12:07:30,437,285.50ms
2022-04-06 12:07:31,438,1299.54ms
2022-04-06 12:07:32,439,280.53ms
2022-04-06 12:07:33,440,1676.84ms
2022-04-06 12:07:34,441,1280.36ms
2022-04-06 12:07:35,442,1279.16ms
2022-04-06 12:07:36,443,275.14ms
2022-04-06 12:07:37,444,1274.39ms
2022-04-06 12:07:38,445,286.31ms
2022-04-06 12:07:39,446,287.29ms
2022-04-06 12:07:40,447,270.64ms
2022-04-06 12:07:41,448,1293.39ms
2022-04-06 12:07:42,449,293.50ms
2022-04-06 12:07:43,450,282.47ms
2022-04-06 12:07:44,451,287.54ms
2022-04-06 12:07:45,452,281.80ms
2022-04-06 12:07:46,453,1292.59ms
2022-04-06 12:07:47,454,1276.84ms
2022-04-06 12:07:48,455,1403.38ms
2022-04-06 12:07:49,456,292.87ms
2022-04-06 12:07:50,457,283.87ms
2022-04-06 12:07:51,458,286.61ms
2022-04-06 12:07:52,459,277.55ms
2022-04-06 12:07:53,460,291.07ms
2022-04-06 12:07:54,461,276.70ms
2022-04-06 12:07:55,462,266.40ms
2022-04-06 12:07:57,464,278.18ms
2022-04-06 12:07:58,465,1275.74ms
2022-04-06 12:07:59,466,272.14ms
2022-04-06 12:08:00,467,277.86ms
2022-04-06 12:08:01,468,1298.73ms
2022-04-06 12:08:02,469,1299.74ms
2022-04-06 12:08:03,470,278.65ms
2022-04-06 12:08:04,471,278.08ms
2022-04-06 12:08:05,472,1287.62ms
2022-04-06 12:08:06,473,285.72ms
2022-04-06 12:08:07,474,288.25ms
2022-04-06 12:08:08,475,1290.74ms
2022-04-06 12:08:09,476,1478.29ms
2022-04-06 12:08:10,477,1794.57ms
2022-04-06 12:08:11,478,278.68ms
2022-04-06 12:08:12,479,1285.72ms
2022-04-06 12:08:13,480,282.41ms
2022-04-06 12:08:14,481,279.60ms
2022-04-06 12:08:15,482,1302.57ms
2022-04-06 12:08:16,483,274.97ms
2022-04-06 12:08:17,484,273.40ms
2022-04-06 12:08:18,485,273.81ms
2022-04-06 12:08:19,486,294.70ms
2022-04-06 12:08:20,487,280.66ms
2022-04-06 12:08:21,488,268.14ms
2022-04-06 12:08:22,489,261.46ms
2022-04-06 12:08:23,490,289.19ms
2022-04-06 12:08:24,491,1296.92ms
2022-04-06 12:08:25,492,303.53ms
2022-04-06 12:08:26,493,301.48ms
2022-04-06 12:08:27,494,1286.12ms
2022-04-06 12:08:28,495,279.86ms
2022-04-06 12:08:29,496,275.42ms
2022-04-06 12:08:30,497,273.33ms
2022-04-06 12:08:31,498,289.68ms
2022-04-06 12:08:32,499,272.41ms
2022-04-06 12:08:33,500,276.39ms
2022-04-06 12:08:34,501,1313.43ms
2022-04-06 12:08:35,502,275.64ms
2022-04-06 12:08:36,503,285.62ms
2022-04-06 12:08:37,504,283.20ms
2022-04-06 12:08:38,505,274.83ms
2022-04-06 12:08:39,506,272.67ms
2022-04-06 12:08:40,507,1470.55ms
2022-04-06 12:08:41,508,1291.03ms
2022-04-06 12:08:42,509,277.69ms
2022-04-06 12:08:43,510,277.10ms
2022-04-06 12:08:44,511,279.08ms
2022-04-06 12:08:45,512,276.26ms
2022-04-06 12:08:46,513,271.98ms
2022-04-06 12:08:47,514,283.58ms
2022-04-06 12:08:48,515,269.88ms
2022-04-06 12:08:49,516,279.97ms
2022-04-06 12:08:50,517,1315.17ms
2022-04-06 12:08:51,518,1277.62ms
2022-04-06 12:08:52,519,282.61ms
2022-04-06 12:08:53,520,271.73ms
2022-04-06 12:08:54,521,279.78ms
2022-04-06 12:08:55,522,272.97ms
2022-04-06 12:08:56,523,280.69ms
2022-04-06 12:08:57,524,1305.63ms
2022-04-06 12:08:58,525,283.23ms
2022-04-06 12:09:00,527,275.63ms
2022-04-06 12:09:01,528,269.77ms
2022-04-06 12:09:02,529,273.35ms
2022-04-06 12:09:03,530,297.77ms
2022-04-06 12:09:04,531,1290.50ms
2022-04-06 12:09:05,532,269.56ms
2022-04-06 12:09:06,533,276.29ms
2022-04-06 12:09:07,534,287.80ms
2022-04-06 12:09:08,535,298.94ms
2022-04-06 12:09:09,536,1311.48ms
2022-04-06 12:09:10,537,270.73ms
2022-04-06 12:09:11,538,270.67ms
2022-04-06 12:09:12,539,302.40ms
2022-04-06 12:09:13,540,275.13ms
2022-04-06 12:09:14,541,281.77ms
2022-04-06 12:09:15,542,280.75ms
2022-04-06 12:09:16,543,284.07ms
2022-04-06 12:09:17,544,278.50ms
2022-04-06 12:09:18,545,284.92ms
2022-04-06 12:09:19,546,1280.98ms
2022-04-06 12:09:20,547,286.83ms
2022-04-06 12:09:21,548,1274.61ms
2022-04-06 12:09:22,549,265.28ms
2022-04-06 12:09:23,550,279.69ms
2022-04-06 12:09:24,551,274.68ms
2022-04-06 12:09:26,553,286.80ms
2022-04-06 12:09:28,555,1395.67ms
2022-04-06 12:09:29,556,291.23ms
2022-04-06 12:09:30,557,1290.67ms
2022-04-06 12:09:31,558,275.49ms
2022-04-06 12:09:33,560,1304.61ms
2022-04-06 12:09:34,561,278.89ms
2022-04-06 12:09:35,562,277.33ms
2022-04-06 12:09:36,563,1303.62ms
2022-04-06 12:09:37,564,289.10ms
2022-04-06 12:09:38,565,290.49ms
2022-04-06 12:09:39,566,287.16ms
2022-04-06 12:09:40,567,281.38ms
2022-04-06 12:09:41,568,278.52ms
2022-04-06 12:09:42,569,277.67ms
2022-04-06 12:09:43,570,285.40ms
2022-04-06 12:09:44,571,284.78ms
2022-04-06 12:09:45,572,1287.14ms
2022-04-06 12:09:46,573,279.42ms
2022-04-06 12:09:47,574,285.96ms
2022-04-06 12:09:48,575,278.39ms
2022-04-06 12:09:49,576,289.30ms
2022-04-06 12:09:50,577,1302.71ms
2022-04-06 12:09:51,578,296.05ms
2022-04-06 12:09:52,579,289.23ms
2022-04-06 12:09:53,580,274.06ms
2022-04-06 12:09:54,581,286.52ms
2022-04-06 12:09:55,582,286.10ms
2022-04-06 12:09:56,583,276.20ms
2022-04-06 12:09:57,584,281.47ms
2022-04-06 12:09:58,585,1281.81ms
2022-04-06 12:09:59,586,301.11ms
2022-04-06 12:10:00,587,1299.48ms
2022-04-06 12:10:01,588,274.42ms
2022-04-06 12:10:02,589,275.73ms
2022-04-06 12:10:03,590,272.09ms
2022-04-06 12:10:04,591,295.21ms
2022-04-06 12:10:05,592,289.57ms
2022-04-06 12:10:06,593,276.55ms
2022-04-06 12:10:07,594,1275.38ms
2022-04-06 12:10:08,595,268.96ms
2022-04-06 12:10:09,596,285.06ms
2022-04-06 12:10:10,597,270.55ms
2022-04-06 12:10:11,598,281.70ms
2022-04-06 12:10:12,599,288.47ms
2022-04-06 12:10:13,600,276.03ms
2022-04-06 12:10:14,601,275.71ms
2022-04-06 12:10:15,602,281.65ms
2022-04-06 12:10:16,603,1307.34ms
2022-04-06 12:10:17,604,1274.85ms
2022-04-06 12:10:18,605,287.88ms
2022-04-06 12:10:19,606,1303.08ms
2022-04-06 12:10:20,607,282.25ms
2022-04-06 12:10:21,608,1305.16ms
2022-04-06 12:10:22,609,293.64ms
2022-04-06 12:10:23,610,1316.70ms
2022-04-06 12:10:24,611,277.30ms
2022-04-06 12:10:25,612,285.56ms
2022-04-06 12:10:26,613,1265.40ms
2022-04-06 12:10:27,614,278.72ms
2022-04-06 12:10:28,615,277.39ms
2022-04-06 12:10:29,616,1275.42ms
2022-04-06 12:10:30,617,285.24ms
2022-04-06 12:10:31,618,274.00ms
2022-04-06 12:10:33,620,297.78ms
2022-04-06 12:10:34,621,1288.08ms
2022-04-06 12:10:35,622,1281.87ms
2022-04-06 12:10:36,623,277.58ms
2022-04-06 12:10:37,624,281.99ms
2022-04-06 12:10:38,625,284.31ms
2022-04-06 12:10:39,626,276.36ms
2022-04-06 12:10:40,627,1285.87ms
2022-04-06 12:10:41,628,293.98ms
2022-04-06 12:10:42,629,294.39ms
2022-04-06 12:10:43,630,280.04ms
2022-04-06 12:10:44,631,292.80ms
2022-04-06 12:10:45,632,269.68ms
2022-04-06 12:10:46,633,1694.56ms
2022-04-06 12:10:47,634,1270.98ms
2022-04-06 12:10:48,635,278.45ms
2022-04-06 12:10:49,636,274.02ms
2022-04-06 12:10:50,637,283.94ms
2022-04-06 12:10:51,638,271.41ms
2022-04-06 12:10:52,639,1289.77ms
2022-04-06 12:10:53,640,287.44ms
2022-04-06 12:10:55,642,1309.42ms
2022-04-06 12:10:57,644,289.37ms
2022-04-06 12:10:58,645,275.47ms
2022-04-06 12:10:59,646,282.01ms
2022-04-06 12:11:00,647,281.20ms
2022-04-06 12:11:01,648,275.33ms
2022-04-06 12:11:02,649,278.66ms
2022-04-06 12:11:03,650,268.60ms
2022-04-06 12:11:04,651,1283.92ms
2022-04-06 12:11:05,652,283.57ms
2022-04-06 12:11:06,653,1294.89ms
2022-04-06 12:11:07,654,270.58ms
2022-04-06 12:11:08,655,281.56ms
2022-04-06 12:11:09,656,285.82ms
2022-04-06 12:11:10,657,272.79ms
2022-04-06 12:11:11,658,1654.12ms
2022-04-06 12:11:12,659,1309.48ms
2022-04-06 12:11:13,660,280.62ms
2022-04-06 12:11:14,661,285.16ms
2022-04-06 12:11:16,663,278.42ms
2022-04-06 12:11:17,664,287.23ms
2022-04-06 12:11:18,665,277.58ms
2022-04-06 12:11:19,666,288.07ms
2022-04-06 12:11:20,667,276.89ms
2022-04-06 12:11:21,668,283.16ms
2022-04-06 12:11:22,669,1297.13ms
2022-04-06 12:11:23,670,279.98ms
2022-04-06 12:11:24,671,281.76ms
2022-04-06 12:11:25,672,288.67ms
2022-04-06 12:11:26,673,1285.85ms
2022-04-06 12:11:27,674,283.02ms
2022-04-06 12:11:28,675,279.49ms
2022-04-06 12:11:29,676,284.74ms
2022-04-06 12:11:30,677,1300.17ms
2022-04-06 12:11:31,678,276.73ms
2022-04-06 12:11:32,679,286.54ms
2022-04-06 12:11:33,680,282.36ms
2022-04-06 12:11:35,682,302.70ms
2022-04-06 12:11:36,683,280.01ms
2022-04-06 12:11:37,684,1283.17ms
2022-04-06 12:11:38,685,1286.88ms
2022-04-06 12:11:39,686,271.70ms
2022-04-06 12:11:40,687,282.80ms
2022-04-06 12:11:41,688,1491.58ms
2022-04-06 12:11:42,689,287.75ms
2022-04-06 12:11:43,690,269.80ms
2022-04-06 12:11:44,691,281.05ms
2022-04-06 12:11:45,692,285.71ms
2022-04-06 12:11:46,693,295.69ms
2022-04-06 12:11:47,694,1277.32ms
2022-04-06 12:11:48,695,296.82ms
2022-04-06 12:11:49,696,288.03ms
2022-04-06 12:11:50,697,277.87ms
2022-04-06 12:11:51,698,1313.14ms
2022-04-06 12:11:52,699,299.76ms
2022-04-06 12:11:53,700,1291.93ms
2022-04-06 12:11:54,701,280.71ms
2022-04-06 12:11:55,702,279.93ms
2022-04-06 12:11:56,703,1307.81ms
2022-04-06 12:11:58,705,1313.71ms
2022-04-06 12:11:59,706,288.60ms
2022-04-06 12:12:00,707,275.43ms
2022-04-06 12:12:01,708,288.54ms
2022-04-06 12:12:02,709,283.08ms
2022-04-06 12:12:03,710,291.81ms
2022-04-06 12:12:04,711,283.03ms
2022-04-06 12:12:05,712,1295.82ms
2022-04-06 12:12:06,713,1480.37ms
2022-04-06 12:12:07,714,1303.19ms
2022-04-06 12:12:08,715,1481.92ms
2022-04-06 12:12:09,716,299.84ms
2022-04-06 12:12:10,717,280.24ms
2022-04-06 12:12:11,718,284.31ms
2022-04-06 12:12:12,719,290.98ms
2022-04-06 12:12:13,720,270.39ms
2022-04-06 12:12:14,721,1332.19ms
2022-04-06 12:12:15,722,268.83ms
2022-04-06 12:12:16,723,290.60ms
2022-04-06 12:12:17,724,275.71ms
2022-04-06 12:12:18,725,295.99ms
2022-04-06 12:12:19,726,1308.16ms
2022-04-06 12:12:20,727,1305.03ms
2022-04-06 12:12:21,728,278.83ms
2022-04-06 12:12:22,729,298.03ms
2022-04-06 12:12:23,730,1293.15ms
2022-04-06 12:12:24,731,275.19ms
2022-04-06 12:12:25,732,273.07ms
2022-04-06 12:12:26,733,296.92ms
2022-04-06 12:12:27,734,283.94ms
2022-04-06 12:12:28,735,285.54ms
2022-04-06 12:12:29,736,286.47ms
2022-04-06 12:12:30,737,281.46ms
2022-04-06 12:12:31,738,1293.21ms
2022-04-06 12:12:32,739,280.03ms
2022-04-06 12:12:33,740,280.14ms
2022-04-06 12:12:34,741,276.74ms
2022-04-06 12:12:35,742,1287.65ms
2022-04-06 12:12:36,743,307.40ms
2022-04-06 12:12:37,744,279.94ms
2022-04-06 12:12:38,745,299.16ms
2022-04-06 12:12:39,746,283.14ms
2022-04-06 12:12:40,747,278.49ms
2022-04-06 12:12:41,748,1475.33ms
2022-04-06 12:12:42,749,281.80ms
2022-04-06 12:12:43,750,283.81ms
2022-04-06 12:12:45,752,302.93ms
2022-04-06 12:12:46,753,1378.52ms
2022-04-06 12:12:47,754,279.20ms
2022-04-06 12:12:48,755,279.05ms
2022-04-06 12:12:49,756,1294.70ms
2022-04-06 12:12:50,757,273.13ms
2022-04-06 12:12:51,758,1483.89ms
2022-04-06 12:12:52,759,1315.79ms
2022-04-06 12:12:53,760,278.24ms
2022-04-06 12:12:54,761,283.97ms
2022-04-06 12:12:55,762,1472.40ms
2022-04-06 12:12:56,763,279.19ms
2022-04-06 12:12:57,764,276.92ms
2022-04-06 12:12:58,765,291.71ms
2022-04-06 12:12:59,766,1289.30ms
2022-04-06 12:13:00,767,275.35ms
2022-04-06 12:13:01,768,1297.37ms
2022-04-06 12:13:02,769,283.16ms
2022-04-06 12:13:03,770,273.73ms
2022-04-06 12:13:04,771,290.82ms
2022-04-06 12:13:05,772,1318.32ms
2022-04-06 12:13:06,773,288.87ms
2022-04-06 12:13:07,774,275.30ms
2022-04-06 12:13:08,775,292.47ms
2022-04-06 12:13:09,776,283.09ms
2022-04-06 12:13:10,777,273.47ms
2022-04-06 12:13:11,778,1284.07ms
2022-04-06 12:13:12,779,287.88ms
2022-04-06 12:13:13,780,293.08ms
2022-04-06 12:13:15,782,284.77ms
2022-04-06 12:13:16,783,288.06ms
2022-04-06 12:13:17,784,1294.95ms
2022-04-06 12:13:18,785,1286.43ms
2022-04-06 12:13:19,786,1283.01ms
2022-04-06 12:13:20,787,277.15ms
2022-04-06 12:13:21,788,297.40ms
2022-04-06 12:13:22,789,289.90ms
2022-04-06 12:13:23,790,285.51ms
2022-04-06 12:13:24,791,1297.73ms
2022-04-06 12:13:25,792,282.82ms
2022-04-06 12:13:26,793,282.57ms
2022-04-06 12:13:27,794,275.42ms
2022-04-06 12:13:28,795,271.77ms
2022-04-06 12:13:29,796,277.25ms
2022-04-06 12:13:30,797,273.73ms
2022-04-06 12:13:31,798,275.83ms
2022-04-06 12:13:32,799,1315.36ms
2022-04-06 12:13:33,800,291.19ms
2022-04-06 12:13:34,801,284.53ms
2022-04-06 12:13:35,802,271.95ms
2022-04-06 12:13:36,803,281.33ms
2022-04-06 12:13:37,804,289.65ms
2022-04-06 12:13:38,805,291.75ms
2022-04-06 12:13:39,806,291.47ms
2022-04-06 12:13:40,807,280.49ms
2022-04-06 12:13:41,808,270.02ms
2022-04-06 12:13:42,809,1278.05ms
2022-04-06 12:13:43,810,276.91ms
2022-04-06 12:13:44,811,1300.73ms
2022-04-06 12:13:45,812,1294.30ms
2022-04-06 12:13:46,813,283.22ms
2022-04-06 12:13:47,814,1305.07ms
2022-04-06 12:13:48,815,297.93ms
2022-04-06 12:13:49,816,288.28ms
2022-04-06 12:13:50,817,277.87ms
2022-04-06 12:13:51,818,292.44ms
2022-04-06 12:13:52,819,290.93ms
2022-04-06 12:13:53,820,281.98ms
2022-04-06 12:13:54,821,286.05ms
2022-04-06 12:13:55,822,1306.49ms
2022-04-06 12:13:56,823,279.90ms
2022-04-06 12:13:57,824,283.36ms
2022-04-06 12:13:58,825,274.54ms
2022-04-06 12:13:59,826,287.05ms
2022-04-06 12:14:00,827,295.92ms
2022-04-06 12:14:01,828,309.39ms
2022-04-06 12:14:02,829,1314.62ms
2022-04-06 12:14:03,830,1313.71ms
2022-04-06 12:14:04,831,1298.64ms
2022-04-06 12:14:05,832,1297.65ms
2022-04-06 12:14:06,833,1791.19ms
2022-04-06 12:14:07,834,287.10ms
2022-04-06 12:14:08,835,278.32ms
2022-04-06 12:14:09,836,280.30ms
2022-04-06 12:14:10,837,290.48ms
2022-04-06 12:14:11,838,278.60ms
2022-04-06 12:14:12,839,301.29ms
2022-04-06 12:14:13,840,279.03ms
2022-04-06 12:14:14,841,1291.60ms
2022-04-06 12:14:15,842,279.44ms
2022-04-06 12:14:16,843,286.19ms
2022-04-06 12:14:17,844,280.98ms
2022-04-06 12:14:18,845,284.51ms
2022-04-06 12:14:19,846,275.81ms
2022-04-06 12:14:20,847,297.16ms
2022-04-06 12:14:21,848,272.94ms
2022-04-06 12:14:22,849,279.24ms
2022-04-06 12:14:23,850,278.65ms
2022-04-06 12:14:24,851,275.68ms
2022-04-06 12:14:25,852,1307.30ms
2022-04-06 12:14:26,853,278.81ms
2022-04-06 12:14:27,854,1288.23ms
2022-04-06 12:14:28,855,1294.82ms
2022-04-06 12:14:29,856,1310.56ms
2022-04-06 12:14:30,857,272.91ms
2022-04-06 12:14:31,858,1290.52ms
2022-04-06 12:14:32,859,281.73ms
2022-04-06 12:14:33,860,1321.73ms
2022-04-06 12:14:34,861,286.12ms
2022-04-06 12:14:35,862,285.93ms
2022-04-06 12:14:36,863,273.72ms
2022-04-06 12:14:37,864,302.64ms
2022-04-06 12:14:38,865,288.48ms
2022-04-06 12:14:39,866,1291.87ms
2022-04-06 12:14:40,867,1318.24ms
2022-04-06 12:14:41,868,1306.68ms
2022-04-06 12:14:42,869,1300.11ms
2022-04-06 12:14:43,870,281.39ms
2022-04-06 12:14:44,871,1283.32ms
2022-04-06 12:14:45,872,282.31ms
2022-04-06 12:14:46,873,283.87ms
2022-04-06 12:14:47,874,278.63ms
2022-04-06 12:14:48,875,279.59ms
2022-04-06 12:14:49,876,294.46ms
2022-04-06 12:14:50,877,285.44ms
2022-04-06 12:14:51,878,1303.30ms
2022-04-06 12:14:52,879,1313.90ms
2022-04-06 12:14:53,880,1287.46ms
2022-04-06 12:14:54,881,300.05ms
2022-04-06 12:14:55,882,274.41ms
2022-04-06 12:14:56,883,276.03ms
2022-04-06 12:14:57,884,277.23ms
2022-04-06 12:14:58,885,1290.10ms
2022-04-06 12:14:59,886,280.99ms
2022-04-06 12:15:00,887,279.42ms
2022-04-06 12:15:01,888,273.69ms
2022-04-06 12:15:02,889,1291.71ms
2022-04-06 12:15:03,890,290.01ms
2022-04-06 12:15:04,891,1309.62ms
2022-04-06 12:15:05,892,1303.41ms
2022-04-06 12:15:06,893,280.48ms
2022-04-06 12:15:07,894,285.06ms
2022-04-06 12:15:08,895,1281.46ms
2022-04-06 12:15:09,896,290.99ms
2022-04-06 12:15:10,897,285.76ms
2022-04-06 12:15:11,898,1265.02ms
2022-04-06 12:15:12,899,1287.06ms
2022-04-06 12:15:13,900,295.01ms
2022-04-06 12:15:14,901,281.95ms
2022-04-06 12:15:15,902,310.14ms
2022-04-06 12:15:16,903,1307.32ms
2022-04-06 12:15:17,904,304.89ms
2022-04-06 12:15:18,905,278.00ms
2022-04-06 12:15:19,906,277.03ms
2022-04-06 12:15:20,907,270.36ms
2022-04-06 12:15:21,908,1292.52ms
2022-04-06 12:15:22,909,295.66ms
2022-04-06 12:15:23,910,275.57ms
2022-04-06 12:15:24,911,1291.79ms
2022-04-06 12:15:26,913,1300.00ms
2022-04-06 12:15:27,914,1304.94ms
2022-04-06 12:15:28,915,1280.44ms
2022-04-06 12:15:29,916,268.15ms
2022-04-06 12:15:30,917,273.97ms
2022-04-06 12:15:31,918,284.98ms
2022-04-06 12:15:32,919,279.33ms
2022-04-06 12:15:33,920,1490.82ms
2022-04-06 12:15:34,921,1275.95ms
2022-04-06 12:15:35,922,283.04ms
2022-04-06 12:15:36,923,1291.99ms
2022-04-06 12:15:37,924,277.90ms
2022-04-06 12:15:38,925,286.33ms
2022-04-06 12:15:39,926,274.11ms
2022-04-06 12:15:40,927,1281.19ms
2022-04-06 12:15:41,928,280.22ms
2022-04-06 12:15:42,929,279.21ms
2022-04-06 12:15:43,930,280.42ms
2022-04-06 12:15:44,931,287.19ms
2022-04-06 12:15:45,932,281.58ms
2022-04-06 12:15:46,933,1295.57ms
2022-04-06 12:15:47,934,290.24ms
2022-04-06 12:15:48,935,276.90ms
2022-04-06 12:15:49,936,1272.55ms
2022-04-06 12:15:50,937,1298.72ms
2022-04-06 12:15:51,938,289.24ms
2022-04-06 12:15:53,940,279.64ms
2022-04-06 12:15:54,941,287.94ms
2022-04-06 12:15:55,942,1321.07ms
2022-04-06 12:15:56,943,281.75ms
2022-04-06 12:15:57,944,287.94ms
2022-04-06 12:15:58,945,277.72ms
2022-04-06 12:15:59,946,289.60ms
2022-04-06 12:16:00,947,1304.52ms
2022-04-06 12:16:01,948,284.17ms
2022-04-06 12:16:02,949,287.64ms
2022-04-06 12:16:04,951,275.36ms
2022-04-06 12:16:05,952,1286.70ms
2022-04-06 12:16:06,953,301.13ms
2022-04-06 12:16:07,954,284.04ms
2022-04-06 12:16:08,955,275.06ms
2022-04-06 12:16:09,956,279.05ms
2022-04-06 12:16:10,957,293.50ms
2022-04-06 12:16:11,958,283.77ms
2022-04-06 12:16:12,959,273.01ms
2022-04-06 12:16:13,960,285.31ms
2022-04-06 12:16:14,961,285.93ms
2022-04-06 12:16:15,962,286.22ms
2022-04-06 12:16:16,963,1294.62ms
2022-04-06 12:16:17,964,1306.51ms
2022-04-06 12:16:18,965,1335.88ms
2022-04-06 12:16:19,966,276.21ms
2022-04-06 12:16:20,967,1287.45ms
2022-04-06 12:16:21,968,1292.17ms
2022-04-06 12:16:22,969,276.05ms
2022-04-06 12:16:23,970,271.28ms
2022-04-06 12:16:24,971,294.59ms
2022-04-06 12:16:25,972,281.70ms
2022-04-06 12:16:26,973,289.20ms
2022-04-06 12:16:27,974,294.57ms
2022-04-06 12:16:28,975,291.08ms
2022-04-06 12:16:29,976,289.46ms
2022-04-06 12:16:31,978,301.35ms
2022-04-06 12:16:32,979,283.69ms
2022-04-06 12:16:33,980,286.52ms
2022-04-06 12:16:34,981,1299.54ms
2022-04-06 12:16:35,982,1316.07ms
2022-04-06 12:16:36,983,273.16ms
2022-04-06 12:16:37,984,275.18ms
2022-04-06 12:16:38,985,282.09ms
2022-04-06 12:16:39,986,281.14ms
2022-04-06 12:16:40,987,289.75ms
2022-04-06 12:16:41,988,282.28ms
2022-04-06 12:16:42,989,280.25ms
2022-04-06 12:16:43,990,1280.60ms
2022-04-06 12:16:44,991,282.42ms
2022-04-06 12:16:45,992,1306.30ms
2022-04-06 12:16:47,994,283.23ms
2022-04-06 12:16:48,995,1297.74ms
2022-04-06 12:16:49,996,285.32ms
2022-04-06 12:16:50,997,1298.22ms
2022-04-06 12:16:51,998,277.95ms
2022-04-06 12:16:53,1000,299.65ms
2022-04-06 12:16:54,1001,281.82ms
2022-04-06 12:16:55,1002,1484.13ms
2022-04-06 12:16:56,1003,288.66ms
2022-04-06 12:16:57,1004,1687.31ms
2022-04-06 12:16:59,1006,290.38ms
2022-04-06 12:17:00,1007,291.65ms
2022-04-06 12:17:01,1008,279.78ms
2022-04-06 12:17:02,1009,1539.04ms
2022-04-06 12:17:03,1010,297.11ms
2022-04-06 12:17:04,1011,1277.50ms
2022-04-06 12:17:05,1012,293.24ms
2022-04-06 12:17:06,1013,1304.04ms
2022-04-06 12:17:07,1014,1286.54ms
2022-04-06 12:17:08,1015,285.39ms
2022-04-06 12:17:09,1016,286.99ms
2022-04-06 12:17:10,1017,279.90ms
2022-04-06 12:17:11,1018,1314.87ms
2022-04-06 12:17:13,1020,278.48ms
2022-04-06 12:17:14,1021,279.91ms
2022-04-06 12:17:15,1022,281.27ms
2022-04-06 12:17:16,1023,284.08ms
2022-04-06 12:17:17,1024,294.31ms
2022-04-06 12:17:18,1025,1296.43ms
2022-04-06 12:17:19,1026,295.59ms
2022-04-06 12:17:20,1027,291.86ms
2022-04-06 12:17:21,1028,271.02ms
2022-04-06 12:17:22,1029,1287.91ms
2022-04-06 12:17:23,1030,299.21ms
2022-04-06 12:17:24,1031,1311.15ms
2022-04-06 12:17:25,1032,280.59ms
2022-04-06 12:17:26,1033,278.48ms
2022-04-06 12:17:29,1036,288.20ms
2022-04-06 12:17:30,1037,272.96ms
2022-04-06 12:17:31,1038,304.92ms
2022-04-06 12:17:32,1039,279.10ms
2022-04-06 12:17:33,1040,272.72ms
2022-04-06 12:17:34,1041,291.37ms
2022-04-06 12:17:35,1042,284.99ms
2022-04-06 12:17:36,1043,1292.35ms
2022-04-06 12:17:37,1044,1278.18ms
2022-04-06 12:17:39,1046,1306.06ms
2022-04-06 12:17:40,1047,272.36ms
2022-04-06 12:17:41,1048,267.79ms
2022-04-06 12:17:42,1049,269.46ms
2022-04-06 12:17:43,1050,1302.88ms
2022-04-06 12:17:44,1051,280.16ms
2022-04-06 12:17:45,1052,293.95ms
2022-04-06 12:17:46,1053,288.03ms
2022-04-06 12:17:47,1054,276.55ms
2022-04-06 12:17:48,1055,1484.57ms
2022-04-06 12:17:49,1056,1326.59ms
2022-04-06 12:17:50,1057,273.38ms
2022-04-06 12:17:51,1058,282.18ms
2022-04-06 12:17:52,1059,260.48ms
2022-04-06 12:17:53,1060,280.16ms
2022-04-06 12:17:54,1061,283.57ms
2022-04-06 12:17:55,1062,284.97ms
2022-04-06 12:17:56,1063,282.30ms
2022-04-06 12:17:57,1064,274.65ms
2022-04-06 12:17:58,1065,275.77ms
2022-04-06 12:17:59,1066,289.39ms
2022-04-06 12:18:00,1067,290.45ms
2022-04-06 12:18:01,1068,284.93ms
2022-04-06 12:18:02,1069,1275.83ms
2022-04-06 12:18:03,1070,283.93ms
2022-04-06 12:18:04,1071,271.93ms
2022-04-06 12:18:05,1072,270.30ms
2022-04-06 12:18:06,1073,282.90ms
2022-04-06 12:18:07,1074,278.42ms
2022-04-06 12:18:08,1075,280.47ms
2022-04-06 12:18:09,1076,1278.60ms
2022-04-06 12:18:10,1077,281.32ms
2022-04-06 12:18:11,1078,281.10ms
2022-04-06 12:18:12,1079,272.26ms
2022-04-06 12:18:13,1080,292.61ms
2022-04-06 12:18:14,1081,1289.08ms
2022-04-06 12:18:15,1082,1675.19ms
2022-04-06 12:18:16,1083,285.75ms
2022-04-06 12:18:17,1084,291.34ms
2022-04-06 12:18:18,1085,282.58ms
2022-04-06 12:18:19,1086,1283.56ms
2022-04-06 12:18:20,1087,1280.60ms
2022-04-06 12:18:21,1088,281.19ms
2022-04-06 12:18:22,1089,1289.69ms
2022-04-06 12:18:23,1090,280.79ms
2022-04-06 12:18:24,1091,287.97ms
2022-04-06 12:18:25,1092,1278.42ms
2022-04-06 12:18:26,1093,272.26ms
2022-04-06 12:18:27,1094,279.08ms
2022-04-06 12:18:28,1095,281.86ms
2022-04-06 12:18:29,1096,270.91ms
2022-04-06 12:18:30,1097,268.85ms
2022-04-06 12:18:32,1099,289.76ms
2022-04-06 12:18:33,1100,1293.22ms
2022-04-06 12:18:34,1101,1295.00ms
2022-04-06 12:18:35,1102,1820.87ms
2022-04-06 12:18:36,1103,275.74ms
2022-04-06 12:18:37,1104,1280.25ms
2022-04-06 12:18:38,1105,1343.83ms
2022-04-06 12:18:39,1106,298.38ms
2022-04-06 12:18:40,1107,288.86ms
2022-04-06 12:18:41,1108,1294.99ms
2022-04-06 12:18:42,1109,292.96ms
2022-04-06 12:18:43,1110,291.04ms
2022-04-06 12:18:44,1111,296.77ms
2022-04-06 12:18:45,1112,286.22ms
2022-04-06 12:18:46,1113,264.47ms
2022-04-06 12:18:47,1114,289.19ms
2022-04-06 12:18:48,1115,274.19ms
2022-04-06 12:18:49,1116,282.92ms
2022-04-06 12:18:50,1117,275.37ms
2022-04-06 12:18:51,1118,291.26ms
2022-04-06 12:18:52,1119,281.94ms
2022-04-06 12:18:53,1120,1292.94ms
2022-04-06 12:18:54,1121,282.78ms
2022-04-06 12:18:55,1122,292.10ms
2022-04-06 12:18:56,1123,284.29ms
2022-04-06 12:18:57,1124,276.56ms
2022-04-06 12:18:58,1125,1281.92ms
2022-04-06 12:18:59,1126,272.57ms
2022-04-06 12:19:00,1127,269.08ms
2022-04-06 12:19:01,1128,1294.45ms
2022-04-06 12:19:02,1129,278.61ms
2022-04-06 12:19:03,1130,289.17ms
2022-04-06 12:19:04,1131,1506.16ms
2022-04-06 12:19:05,1132,1304.56ms
2022-04-06 12:19:06,1133,287.11ms
2022-04-06 12:19:07,1134,287.36ms
2022-04-06 12:19:08,1135,283.61ms
2022-04-06 12:19:09,1136,1287.40ms
2022-04-06 12:19:10,1137,283.24ms
2022-04-06 12:19:11,1138,1314.23ms
2022-04-06 12:19:12,1139,279.28ms
2022-04-06 12:19:13,1140,275.69ms
2022-04-06 12:19:14,1141,279.45ms
2022-04-06 12:19:15,1142,286.15ms
2022-04-06 12:19:16,1143,1284.74ms
2022-04-06 12:19:17,1144,1312.07ms
2022-04-06 12:19:18,1145,275.74ms
2022-04-06 12:19:19,1146,278.61ms
2022-04-06 12:19:20,1147,1687.71ms
2022-04-06 12:19:22,1149,295.07ms
2022-04-06 12:19:23,1150,273.12ms
2022-04-06 12:19:24,1151,288.38ms
2022-04-06 12:19:25,1152,290.21ms
2022-04-06 12:19:26,1153,279.10ms
2022-04-06 12:19:27,1154,269.70ms
2022-04-06 12:19:28,1155,266.08ms
2022-04-06 12:19:29,1156,1291.56ms
2022-04-06 12:19:30,1157,1275.54ms
2022-04-06 12:19:31,1158,293.70ms
2022-04-06 12:19:32,1159,1304.27ms
2022-04-06 12:19:33,1160,278.21ms
2022-04-06 12:19:35,1162,277.00ms
2022-04-06 12:19:36,1163,282.54ms
2022-04-06 12:19:37,1164,1307.46ms
2022-04-06 12:19:38,1165,278.56ms
2022-04-06 12:19:39,1166,1300.13ms
2022-04-06 12:19:40,1167,1298.33ms
2022-04-06 12:19:41,1168,307.00ms
2022-04-06 12:19:43,1170,279.24ms
2022-04-06 12:19:44,1171,1297.41ms
2022-04-06 12:19:45,1172,285.38ms
2022-04-06 12:19:46,1173,1290.66ms
2022-04-06 12:19:47,1174,1282.59ms
2022-04-06 12:19:48,1175,288.78ms
2022-04-06 12:19:49,1176,282.31ms
2022-04-06 12:19:50,1177,289.39ms
2022-04-06 12:19:51,1178,1295.45ms
2022-04-06 12:19:52,1179,288.62ms
2022-04-06 12:19:53,1180,296.53ms
2022-04-06 12:19:54,1181,275.70ms
2022-04-06 12:19:55,1182,273.03ms
2022-04-06 12:19:56,1183,280.87ms
2022-04-06 12:19:57,1184,271.48ms
2022-04-06 12:19:58,1185,285.93ms
2022-04-06 12:19:59,1186,285.53ms
2022-04-06 12:20:00,1187,281.37ms
2022-04-06 12:20:01,1188,1291.16ms
2022-04-06 12:20:02,1189,284.02ms
2022-04-06 12:20:03,1190,1295.25ms
2022-04-06 12:20:04,1191,274.71ms
2022-04-06 12:20:06,1193,288.51ms
2022-04-06 12:20:07,1194,278.59ms
2022-04-06 12:20:08,1195,288.39ms
2022-04-06 12:20:09,1196,287.95ms
2022-04-06 12:20:10,1197,1686.67ms
2022-04-06 12:20:12,1199,266.91ms
2022-04-06 12:20:13,1200,1295.51ms
2022-04-06 12:20:14,1201,1288.11ms
2022-04-06 12:20:15,1202,291.90ms
2022-04-06 12:20:16,1203,1303.23ms
2022-04-06 12:20:17,1204,295.86ms
2022-04-06 12:20:18,1205,290.70ms
2022-04-06 12:20:19,1206,272.66ms
2022-04-06 12:20:20,1207,270.79ms
2022-04-06 12:20:21,1208,284.96ms
2022-04-06 12:20:22,1209,1471.04ms
2022-04-06 12:20:23,1210,286.28ms
2022-04-06 12:20:24,1211,1311.40ms
2022-04-06 12:20:25,1212,1315.32ms
2022-04-06 12:20:26,1213,293.18ms
2022-04-06 12:20:27,1214,288.24ms
2022-04-06 12:20:28,1215,286.54ms
2022-04-06 12:20:29,1216,1285.44ms
2022-04-06 12:20:30,1217,284.77ms
2022-04-06 12:20:31,1218,282.68ms
2022-04-06 12:20:32,1219,1288.89ms
2022-04-06 12:20:33,1220,293.55ms
2022-04-06 12:20:34,1221,1307.21ms
2022-04-06 12:20:35,1222,276.02ms
2022-04-06 12:20:36,1223,276.50ms
2022-04-06 12:20:37,1224,281.33ms
2022-04-06 12:20:38,1225,282.73ms
2022-04-06 12:20:39,1226,292.30ms
2022-04-06 12:20:40,1227,293.67ms
2022-04-06 12:20:41,1228,1287.69ms
2022-04-06 12:20:42,1229,1283.44ms
2022-04-06 12:20:43,1230,281.39ms
2022-04-06 12:20:44,1231,271.88ms
2022-04-06 12:20:45,1232,283.43ms
2022-04-06 12:20:46,1233,287.75ms
2022-04-06 12:20:47,1234,278.51ms
2022-04-06 12:20:48,1235,281.04ms
2022-04-06 12:20:49,1236,289.78ms
2022-04-06 12:20:50,1237,288.14ms
2022-04-06 12:20:51,1238,272.96ms
2022-04-06 12:20:52,1239,279.58ms
2022-04-06 12:20:53,1240,1292.31ms
2022-04-06 12:20:54,1241,274.60ms
2022-04-06 12:20:55,1242,276.54ms
2022-04-06 12:20:56,1243,302.92ms
2022-04-06 12:20:57,1244,281.29ms
2022-04-06 12:20:58,1245,283.38ms
2022-04-06 12:20:59,1246,1268.18ms
2022-04-06 12:21:00,1247,278.31ms
2022-04-06 12:21:01,1248,283.29ms
2022-04-06 12:21:02,1249,284.94ms
2022-04-06 12:21:03,1250,277.82ms
2022-04-06 12:21:04,1251,277.35ms
2022-04-06 12:21:05,1252,1288.29ms
2022-04-06 12:21:06,1253,273.88ms
2022-04-06 12:21:07,1254,285.19ms
2022-04-06 12:21:08,1255,272.72ms
2022-04-06 12:21:09,1256,296.18ms
2022-04-06 12:21:10,1257,281.90ms
2022-04-06 12:21:11,1258,276.44ms
2022-04-06 12:21:12,1259,275.57ms
2022-04-06 12:21:14,1261,282.29ms
2022-04-06 12:21:15,1262,1286.46ms
2022-04-06 12:21:16,1263,285.74ms
2022-04-06 12:21:17,1264,279.83ms
2022-04-06 12:21:18,1265,283.70ms
2022-04-06 12:21:19,1266,1696.24ms
2022-04-06 12:21:20,1267,285.77ms
2022-04-06 12:21:21,1268,274.67ms
2022-04-06 12:21:22,1269,277.69ms
2022-04-06 12:21:23,1270,280.29ms
2022-04-06 12:21:24,1271,282.37ms
2022-04-06 12:21:25,1272,1273.55ms
2022-04-06 12:21:26,1273,279.94ms
2022-04-06 12:21:27,1274,273.46ms
2022-04-06 12:21:28,1275,272.28ms
2022-04-06 12:21:29,1276,284.32ms
2022-04-06 12:21:30,1277,275.85ms
2022-04-06 12:21:31,1278,290.59ms
2022-04-06 12:21:32,1279,279.63ms
2022-04-06 12:21:33,1280,1313.35ms
2022-04-06 12:21:34,1281,283.38ms
2022-04-06 12:21:35,1282,1275.10ms
2022-04-06 12:21:36,1283,285.48ms
2022-04-06 12:21:37,1284,292.54ms
2022-04-06 12:21:38,1285,282.63ms
2022-04-06 12:21:39,1286,290.01ms
2022-04-06 12:21:40,1287,294.87ms
2022-04-06 12:21:41,1288,1315.79ms
2022-04-06 12:21:42,1289,285.65ms
2022-04-06 12:21:43,1290,1272.88ms
2022-04-06 12:21:44,1291,275.16ms
2022-04-06 12:21:45,1292,299.65ms
2022-04-06 12:21:46,1293,1284.20ms
2022-04-06 12:21:47,1294,277.59ms
2022-04-06 12:21:48,1295,271.95ms
2022-04-06 12:21:49,1296,1288.79ms
2022-04-06 12:21:50,1297,1295.25ms
2022-04-06 12:21:51,1298,281.13ms
2022-04-06 12:21:52,1299,283.15ms
2022-04-06 12:21:53,1300,1294.22ms
2022-04-06 12:21:54,1301,298.90ms
2022-04-06 12:21:55,1302,273.86ms
2022-04-06 12:21:56,1303,288.73ms
2022-04-06 12:21:57,1304,295.01ms
2022-04-06 12:21:58,1305,1306.88ms
2022-04-06 12:21:59,1306,275.07ms
2022-04-06 12:22:00,1307,1277.62ms
2022-04-06 12:22:02,1309,1488.50ms
2022-04-06 12:22:03,1310,288.60ms
2022-04-06 12:22:04,1311,1296.36ms
2022-04-06 12:22:05,1312,288.89ms
2022-04-06 12:22:06,1313,290.93ms
2022-04-06 12:22:07,1314,1292.78ms
2022-04-06 12:22:08,1315,277.53ms
2022-04-06 12:22:09,1316,1305.28ms
2022-04-06 12:22:10,1317,1291.15ms
2022-04-06 12:22:11,1318,1677.60ms
2022-04-06 12:22:12,1319,283.63ms
2022-04-06 12:22:13,1320,280.11ms
2022-04-06 12:22:14,1321,1279.17ms
2022-04-06 12:22:15,1322,275.14ms
2022-04-06 12:22:16,1323,278.53ms
2022-04-06 12:22:17,1324,289.76ms
2022-04-06 12:22:18,1325,299.63ms
2022-04-06 12:22:19,1326,281.14ms
2022-04-06 12:22:20,1327,276.71ms
2022-04-06 12:22:21,1328,290.90ms
2022-04-06 12:22:22,1329,297.62ms
2022-04-06 12:22:24,1331,280.34ms
2022-04-06 12:22:25,1332,286.17ms
2022-04-06 12:22:26,1333,279.70ms
2022-04-06 12:22:27,1334,274.68ms
2022-04-06 12:22:28,1335,285.73ms
2022-04-06 12:22:29,1336,282.91ms
2022-04-06 12:22:30,1337,1282.51ms
2022-04-06 12:22:31,1338,284.67ms
2022-04-06 12:22:32,1339,1278.33ms
2022-04-06 12:22:33,1340,288.88ms
2022-04-06 12:22:34,1341,1303.02ms
2022-04-06 12:22:35,1342,1283.86ms
2022-04-06 12:22:36,1343,298.06ms
2022-04-06 12:22:37,1344,283.21ms
2022-04-06 12:22:38,1345,1481.87ms
2022-04-06 12:22:39,1346,282.60ms
2022-04-06 12:22:40,1347,1314.63ms
2022-04-06 12:22:41,1348,280.97ms
2022-04-06 12:22:43,1350,276.65ms
2022-04-06 12:22:44,1351,279.46ms
2022-04-06 12:22:45,1352,272.39ms
2022-04-06 12:22:47,1354,285.09ms
2022-04-06 12:22:48,1355,290.33ms
2022-04-06 12:22:50,1357,275.92ms
2022-04-06 12:22:52,1359,1275.47ms
2022-04-06 12:22:53,1360,299.24ms
2022-04-06 12:22:54,1361,277.58ms
2022-04-06 12:22:56,1363,290.99ms
2022-04-06 12:22:57,1364,1310.97ms
2022-04-06 12:22:58,1365,279.89ms
2022-04-06 12:22:59,1366,264.06ms
2022-04-06 12:23:00,1367,1298.20ms
2022-04-06 12:23:01,1368,1314.21ms
2022-04-06 12:23:02,1369,1483.86ms
2022-04-06 12:23:03,1370,283.84ms
2022-04-06 12:23:04,1371,1492.61ms
2022-04-06 12:23:05,1372,273.79ms
2022-04-06 12:23:06,1373,1682.07ms
2022-04-06 12:23:07,1374,279.89ms
2022-04-06 12:23:08,1375,283.13ms
2022-04-06 12:23:09,1376,280.60ms
2022-04-06 12:23:10,1377,280.41ms
2022-04-06 12:23:12,1379,284.62ms
2022-04-06 12:23:13,1380,279.70ms
2022-04-06 12:23:14,1381,1286.36ms
2022-04-06 12:23:15,1382,288.41ms
2022-04-06 12:23:16,1383,291.74ms
2022-04-06 12:23:17,1384,1284.53ms
2022-04-06 12:23:18,1385,283.22ms
2022-04-06 12:23:19,1386,282.61ms
2022-04-06 12:23:20,1387,300.67ms
2022-04-06 12:23:21,1388,1302.96ms
2022-04-06 12:23:22,1389,1283.06ms
2022-04-06 12:23:24,1391,284.12ms
2022-04-06 12:23:25,1392,285.49ms
2022-04-06 12:23:26,1393,296.14ms
2022-04-06 12:23:27,1394,1288.61ms
2022-04-06 12:23:28,1395,277.72ms
2022-04-06 12:23:29,1396,1282.68ms
2022-04-06 12:23:30,1397,266.00ms
2022-04-06 12:23:31,1398,1676.81ms
2022-04-06 12:23:32,1399,1275.42ms
2022-04-06 12:23:33,1400,278.26ms
2022-04-06 12:23:34,1401,279.81ms
2022-04-06 12:23:35,1402,1290.85ms
2022-04-06 12:23:36,1403,1789.71ms
2022-04-06 12:23:37,1404,1294.00ms
2022-04-06 12:23:39,1406,291.97ms
2022-04-06 12:23:40,1407,276.14ms
2022-04-06 12:23:41,1408,1288.50ms
2022-04-06 12:23:42,1409,275.41ms
2022-04-06 12:23:43,1410,275.21ms
2022-04-06 12:23:44,1411,274.42ms
2022-04-06 12:23:45,1412,273.14ms
2022-04-06 12:23:46,1413,272.54ms
2022-04-06 12:23:47,1414,281.41ms
2022-04-06 12:23:48,1415,1285.71ms
2022-04-06 12:23:49,1416,1308.96ms
2022-04-06 12:23:50,1417,278.75ms
2022-04-06 12:23:51,1418,1473.07ms
2022-04-06 12:23:52,1419,1288.37ms
2022-04-06 12:23:53,1420,1314.78ms
2022-04-06 12:23:54,1421,1310.92ms
2022-04-06 12:23:55,1422,299.26ms
2022-04-06 12:23:56,1423,274.97ms
2022-04-06 12:23:57,1424,1279.52ms
2022-04-06 12:23:58,1425,297.94ms
2022-04-06 12:23:59,1426,286.42ms
2022-04-06 12:24:00,1427,280.05ms
2022-04-06 12:24:01,1428,294.74ms
2022-04-06 12:24:03,1430,1291.31ms
2022-04-06 12:24:04,1431,281.37ms
2022-04-06 12:24:05,1432,1298.27ms
2022-04-06 12:24:06,1433,1494.45ms
2022-04-06 12:24:07,1434,283.61ms
2022-04-06 12:24:08,1435,285.41ms
2022-04-06 12:24:09,1436,1622.77ms
2022-04-06 12:24:10,1437,271.97ms
2022-04-06 12:24:11,1438,280.17ms
2022-04-06 12:24:12,1439,304.48ms
2022-04-06 12:24:13,1440,279.02ms
2022-04-06 12:24:14,1441,282.58ms
2022-04-06 12:24:15,1442,276.13ms
2022-04-06 12:24:16,1443,286.77ms
2022-04-06 12:24:17,1444,291.04ms
2022-04-06 12:24:18,1445,1285.69ms
2022-04-06 12:24:19,1446,1272.87ms
2022-04-06 12:24:20,1447,285.24ms
2022-04-06 12:24:21,1448,294.35ms
2022-04-06 12:24:22,1449,278.48ms
2022-04-06 12:24:23,1450,276.87ms
2022-04-06 12:24:24,1451,268.39ms
2022-04-06 12:24:25,1452,1301.02ms
2022-04-06 12:24:26,1453,288.21ms
2022-04-06 12:24:27,1454,286.46ms
2022-04-06 12:24:28,1455,284.73ms
2022-04-06 12:24:29,1456,260.36ms
2022-04-06 12:24:30,1457,281.63ms
2022-04-06 12:24:31,1458,297.42ms
2022-04-06 12:24:32,1459,277.46ms
2022-04-06 12:24:33,1460,1303.45ms
2022-04-06 12:24:34,1461,1311.19ms
2022-04-06 12:24:35,1462,282.37ms
2022-04-06 12:24:36,1463,293.01ms
2022-04-06 12:24:37,1464,286.77ms
2022-04-06 12:24:38,1465,1288.59ms
2022-04-06 12:24:39,1466,283.23ms
2022-04-06 12:24:40,1467,1306.98ms
2022-04-06 12:24:41,1468,274.48ms
2022-04-06 12:24:42,1469,284.80ms
2022-04-06 12:24:43,1470,281.52ms
2022-04-06 12:24:44,1471,288.30ms
2022-04-06 12:24:45,1472,274.98ms
2022-04-06 12:24:46,1473,276.79ms
2022-04-06 12:24:47,1474,1282.58ms
2022-04-06 12:24:48,1475,1298.98ms
2022-04-06 12:24:49,1476,277.71ms
2022-04-06 12:24:50,1477,1323.54ms
2022-04-06 12:24:51,1478,287.67ms
2022-04-06 12:24:52,1479,279.74ms
2022-04-06 12:24:53,1480,280.83ms
2022-04-06 12:24:54,1481,1308.47ms
2022-04-06 12:24:55,1482,1316.31ms
2022-04-06 12:24:56,1483,1471.58ms
2022-04-06 12:24:57,1484,284.07ms
2022-04-06 12:24:58,1485,289.67ms
2022-04-06 12:24:59,1486,275.83ms
2022-04-06 12:25:00,1487,1288.80ms
2022-04-06 12:25:01,1488,289.29ms
2022-04-06 12:25:02,1489,1482.67ms
2022-04-06 12:25:03,1490,1488.37ms
2022-04-06 12:25:04,1491,288.84ms
2022-04-06 12:25:05,1492,288.51ms
2022-04-06 12:25:06,1493,296.92ms
2022-04-06 12:25:07,1494,1479.20ms
2022-04-06 12:25:08,1495,277.79ms
2022-04-06 12:25:10,1497,309.20ms
2022-04-06 12:25:11,1498,1300.43ms
2022-04-06 12:25:12,1499,279.74ms
2022-04-06 12:25:13,1500,1302.02ms
2022-04-06 12:25:14,1501,280.57ms
2022-04-06 12:25:15,1502,287.67ms
2022-04-06 12:25:16,1503,1284.78ms
2022-04-06 12:25:17,1504,274.09ms
2022-04-06 12:25:18,1505,270.57ms
2022-04-06 12:25:19,1506,284.89ms
2022-04-06 12:25:21,1508,1285.29ms
2022-04-06 12:25:22,1509,1821.81ms
2022-04-06 12:25:23,1510,1379.06ms
2022-04-06 12:25:24,1511,274.56ms
2022-04-06 12:25:25,1512,283.30ms
2022-04-06 12:25:28,1515,1479.49ms
2022-04-06 12:25:29,1516,1311.91ms
2022-04-06 12:25:30,1517,281.22ms
2022-04-06 12:25:31,1518,281.97ms
2022-04-06 12:25:32,1519,279.93ms
2022-04-06 12:25:33,1520,1309.12ms
2022-04-06 12:25:34,1521,1300.38ms
2022-04-06 12:25:36,1523,304.16ms
2022-04-06 12:25:39,1526,1295.65ms
2022-04-06 12:25:40,1527,279.48ms
2022-04-06 12:25:41,1528,281.49ms
2022-04-06 12:25:42,1529,283.37ms
2022-04-06 12:25:43,1530,290.36ms
2022-04-06 12:25:45,1532,1291.69ms
2022-04-06 12:25:46,1533,280.82ms
2022-04-06 12:25:48,1535,1295.54ms
2022-04-06 12:25:49,1536,283.04ms
2022-04-06 12:25:50,1537,297.24ms
2022-04-06 12:25:51,1538,1396.34ms
2022-04-06 12:25:53,1540,1293.92ms
2022-04-06 12:25:54,1541,279.74ms
2022-04-06 12:25:55,1542,288.71ms
2022-04-06 12:25:56,1543,289.49ms
2022-04-06 12:25:57,1544,1286.77ms
2022-04-06 12:25:58,1545,1284.80ms
2022-04-06 12:25:59,1546,1323.57ms
2022-04-06 12:26:00,1547,1300.17ms
2022-04-06 12:26:01,1548,269.88ms
2022-04-06 12:26:02,1549,291.27ms
2022-04-06 12:26:03,1550,279.06ms
2022-04-06 12:26:05,1552,283.65ms
2022-04-06 12:26:06,1553,1291.90ms
2022-04-06 12:26:08,1555,1300.43ms
2022-04-06 12:26:09,1556,1680.90ms
2022-04-06 12:26:10,1557,276.63ms
2022-04-06 12:26:11,1558,286.44ms
2022-04-06 12:26:12,1559,280.41ms
2022-04-06 12:26:13,1560,293.42ms
2022-04-06 12:26:14,1561,291.28ms
2022-04-06 12:26:15,1562,271.63ms
2022-04-06 12:26:16,1563,1303.08ms
2022-04-06 12:26:17,1564,1306.44ms
2022-04-06 12:26:18,1565,278.17ms
2022-04-06 12:26:19,1566,300.42ms
2022-04-06 12:26:20,1567,296.93ms
2022-04-06 12:26:21,1568,281.27ms
2022-04-06 12:26:22,1569,288.82ms
2022-04-06 12:26:23,1570,1309.49ms
2022-04-06 12:26:24,1571,1268.52ms
2022-04-06 12:26:25,1572,1294.57ms
2022-04-06 12:26:26,1573,287.09ms
2022-04-06 12:26:27,1574,1694.75ms
2022-04-06 12:26:28,1575,276.76ms
2022-04-06 12:26:29,1576,286.82ms
2022-04-06 12:26:30,1577,269.60ms
2022-04-06 12:26:31,1578,280.20ms
2022-04-06 12:26:32,1579,274.80ms
2022-04-06 12:26:33,1580,284.33ms
2022-04-06 12:26:34,1581,278.81ms
2022-04-06 12:26:35,1582,284.34ms
2022-04-06 12:26:36,1583,1690.50ms
2022-04-06 12:26:37,1584,279.86ms
2022-04-06 12:26:38,1585,1305.54ms
2022-04-06 12:26:39,1586,1375.25ms
2022-04-06 12:26:40,1587,1270.09ms
2022-04-06 12:26:41,1588,274.40ms
2022-04-06 12:26:42,1589,278.41ms
2022-04-06 12:26:44,1591,282.89ms
2022-04-06 12:26:45,1592,1271.39ms
2022-04-06 12:26:46,1593,284.81ms
2022-04-06 12:26:47,1594,281.49ms
2022-04-06 12:26:48,1595,287.11ms
2022-04-06 12:26:49,1596,287.50ms
2022-04-06 12:26:50,1597,1314.95ms
2022-04-06 12:26:51,1598,297.85ms
2022-04-06 12:26:52,1599,271.57ms
2022-04-06 12:26:53,1600,1682.37ms
2022-04-06 12:26:54,1601,280.36ms
2022-04-06 12:26:55,1602,281.70ms
2022-04-06 12:26:56,1603,1277.04ms
2022-04-06 12:26:57,1604,1297.67ms
2022-04-06 12:26:58,1605,306.96ms
2022-04-06 12:26:59,1606,285.42ms
2022-04-06 12:27:00,1607,297.66ms
2022-04-06 12:27:01,1608,279.94ms
2022-04-06 12:27:02,1609,291.30ms
2022-04-06 12:27:03,1610,1473.56ms
2022-04-06 12:27:04,1611,1286.20ms
2022-04-06 12:27:05,1612,302.40ms
2022-04-06 12:27:06,1613,285.48ms
2022-04-06 12:27:07,1614,1302.75ms
2022-04-06 12:27:08,1615,269.76ms
2022-04-06 12:27:09,1616,293.57ms
2022-04-06 12:27:11,1618,269.55ms
2022-04-06 12:27:12,1619,1306.05ms
2022-04-06 12:27:13,1620,1297.70ms
2022-04-06 12:27:14,1621,1293.58ms
2022-04-06 12:27:15,1622,290.30ms
2022-04-06 12:27:16,1623,280.85ms
2022-04-06 12:27:17,1624,272.35ms
2022-04-06 12:27:18,1625,276.94ms
2022-04-06 12:27:19,1626,293.37ms
2022-04-06 12:27:20,1627,289.19ms
2022-04-06 12:27:21,1628,1303.62ms
2022-04-06 12:27:22,1629,1311.37ms
2022-04-06 12:27:23,1630,277.16ms
2022-04-06 12:27:24,1631,281.20ms
2022-04-06 12:27:25,1632,283.52ms
2022-04-06 12:27:26,1633,285.33ms
2022-04-06 12:27:27,1634,1281.29ms
2022-04-06 12:27:28,1635,1281.45ms
2022-04-06 12:27:29,1636,294.88ms
2022-04-06 12:27:30,1637,284.77ms
2022-04-06 12:27:31,1638,286.07ms
2022-04-06 12:27:32,1639,277.27ms
2022-04-06 12:27:33,1640,298.87ms
2022-04-06 12:27:34,1641,272.45ms
2022-04-06 12:27:35,1642,1319.15ms
2022-04-06 12:27:36,1643,281.03ms
2022-04-06 12:27:37,1644,1276.86ms
2022-04-06 12:27:38,1645,280.66ms
2022-04-06 12:27:39,1646,1316.19ms
2022-04-06 12:27:40,1647,274.22ms
2022-04-06 12:27:41,1648,276.68ms
2022-04-06 12:27:42,1649,1302.51ms
2022-04-06 12:27:43,1650,275.54ms
2022-04-06 12:27:44,1651,293.51ms
2022-04-06 12:27:46,1653,275.55ms
2022-04-06 12:27:47,1654,1277.10ms
2022-04-06 12:27:48,1655,279.91ms
2022-04-06 12:27:49,1656,294.59ms
2022-04-06 12:27:50,1657,1280.16ms
2022-04-06 12:27:51,1658,283.76ms
2022-04-06 12:27:52,1659,290.05ms
2022-04-06 12:27:53,1660,272.85ms
2022-04-06 12:27:54,1661,282.40ms
2022-04-06 12:27:55,1662,272.26ms
2022-04-06 12:27:56,1663,1281.56ms
2022-04-06 12:27:57,1664,277.77ms
2022-04-06 12:27:58,1665,1288.91ms
2022-04-06 12:28:00,1667,1326.61ms
2022-04-06 12:28:01,1668,276.26ms
2022-04-06 12:28:02,1669,1285.69ms
2022-04-06 12:28:03,1670,286.83ms
2022-04-06 12:28:04,1671,281.51ms
2022-04-06 12:28:05,1672,286.73ms
2022-04-06 12:28:06,1673,1322.73ms
2022-04-06 12:28:07,1674,300.97ms
2022-04-06 12:28:08,1675,1310.14ms
2022-04-06 12:28:09,1676,1290.34ms
2022-04-06 12:28:11,1678,274.84ms
2022-04-06 12:28:12,1679,283.13ms
2022-04-06 12:28:13,1680,1317.93ms
2022-04-06 12:28:14,1681,283.78ms
2022-04-06 12:28:15,1682,284.16ms
2022-04-06 12:28:16,1683,279.76ms
2022-04-06 12:28:17,1684,284.26ms
2022-04-06 12:28:18,1685,1325.15ms
2022-04-06 12:28:19,1686,1690.03ms
2022-04-06 12:28:20,1687,283.37ms
2022-04-06 12:28:21,1688,1312.80ms
2022-04-06 12:28:22,1689,280.75ms
2022-04-06 12:28:23,1690,289.72ms
2022-04-06 12:28:24,1691,1302.76ms
2022-04-06 12:28:25,1692,308.67ms
2022-04-06 12:28:26,1693,287.16ms
2022-04-06 12:28:27,1694,1308.59ms
2022-04-06 12:28:28,1695,1308.62ms
2022-04-06 12:28:29,1696,277.31ms
2022-04-06 12:28:30,1697,293.40ms
2022-04-06 12:28:31,1698,273.87ms
2022-04-06 12:28:32,1699,284.53ms
2022-04-06 12:28:33,1700,1305.19ms
2022-04-06 12:28:34,1701,1270.37ms
2022-04-06 12:28:35,1702,1300.57ms
2022-04-06 12:28:36,1703,1302.49ms
2022-04-06 12:28:38,1705,268.77ms
2022-04-06 12:28:40,1707,282.93ms
2022-04-06 12:28:41,1708,284.83ms
2022-04-06 12:28:42,1709,279.59ms
2022-04-06 12:28:43,1710,1300.49ms
2022-04-06 12:28:44,1711,288.05ms
2022-04-06 12:28:45,1712,1680.58ms
2022-04-06 12:28:46,1713,1306.57ms
2022-04-06 12:28:47,1714,273.46ms
2022-04-06 12:28:48,1715,275.52ms
2022-04-06 12:28:49,1716,273.57ms
2022-04-06 12:28:50,1717,1307.66ms
2022-04-06 12:28:51,1718,282.12ms
2022-04-06 12:28:52,1719,1285.10ms
2022-04-06 12:28:53,1720,1480.96ms
2022-04-06 12:28:54,1721,281.97ms
2022-04-06 12:28:55,1722,266.37ms
2022-04-06 12:28:56,1723,293.81ms
2022-04-06 12:28:57,1724,1304.63ms
2022-04-06 12:28:58,1725,284.25ms
2022-04-06 12:28:59,1726,292.37ms
2022-04-06 12:29:00,1727,279.21ms
2022-04-06 12:29:01,1728,291.50ms
2022-04-06 12:29:02,1729,301.60ms
2022-04-06 12:29:04,1731,290.05ms
2022-04-06 12:29:05,1732,291.38ms
2022-04-06 12:29:06,1733,272.60ms
2022-04-06 12:29:07,1734,281.75ms
2022-04-06 12:29:08,1735,1320.14ms
2022-04-06 12:29:09,1736,280.67ms
2022-04-06 12:29:10,1737,1286.62ms
2022-04-06 12:29:11,1738,301.27ms
2022-04-06 12:29:12,1739,1315.12ms
2022-04-06 12:29:13,1740,276.40ms
2022-04-06 12:29:14,1741,273.01ms
2022-04-06 12:29:15,1742,1490.47ms
2022-04-06 12:29:16,1743,1293.71ms
2022-04-06 12:29:17,1744,284.35ms
2022-04-06 12:29:18,1745,272.46ms
2022-04-06 12:29:19,1746,1283.03ms
2022-04-06 12:29:20,1747,279.79ms
2022-04-06 12:29:21,1748,1289.77ms
2022-04-06 12:29:22,1749,287.76ms
2022-04-06 12:29:23,1750,281.21ms
2022-04-06 12:29:24,1751,1280.15ms
2022-04-06 12:29:25,1752,1304.96ms
2022-04-06 12:29:26,1753,286.90ms
2022-04-06 12:29:27,1754,1285.16ms
2022-04-06 12:29:28,1755,285.49ms
2022-04-06 12:29:29,1756,1278.77ms
2022-04-06 12:29:30,1757,1280.79ms
2022-04-06 12:29:31,1758,1400.75ms
2022-04-06 12:29:32,1759,284.35ms
2022-04-06 12:29:33,1760,285.58ms
2022-04-06 12:29:34,1761,298.82ms
2022-04-06 12:29:35,1762,294.46ms
2022-04-06 12:29:36,1763,288.71ms
2022-04-06 12:29:37,1764,1291.65ms
2022-04-06 12:29:38,1765,292.93ms
2022-04-06 12:29:39,1766,282.95ms
2022-04-06 12:29:40,1767,1288.11ms
2022-04-06 12:29:42,1769,288.50ms
2022-04-06 12:29:43,1770,1288.81ms
2022-04-06 12:29:44,1771,1289.27ms
2022-04-06 12:29:45,1772,284.62ms
2022-04-06 12:29:46,1773,1320.25ms
2022-04-06 12:29:47,1774,1587.76ms
2022-04-06 12:29:48,1775,1267.60ms
2022-04-06 12:29:49,1776,1296.69ms
2022-04-06 12:29:50,1777,284.53ms
2022-04-06 12:29:51,1778,1284.24ms
2022-04-06 12:29:52,1779,1272.44ms
2022-04-06 12:29:53,1780,1273.93ms
2022-04-06 12:29:54,1781,288.68ms
2022-04-06 12:29:55,1782,285.95ms
2022-04-06 12:29:56,1783,277.82ms
2022-04-06 12:29:57,1784,1279.19ms
2022-04-06 12:29:58,1785,283.44ms
2022-04-06 12:29:59,1786,1285.59ms
2022-04-06 12:30:00,1787,1303.94ms
2022-04-06 12:30:01,1788,289.72ms
2022-04-06 12:30:03,1790,1302.04ms
2022-04-06 12:30:04,1791,282.18ms
2022-04-06 12:30:05,1792,275.42ms
2022-04-06 12:30:06,1793,289.25ms
2022-04-06 12:30:07,1794,281.83ms
2022-04-06 12:30:08,1795,1299.69ms
2022-04-06 12:30:09,1796,286.90ms
2022-04-06 12:30:10,1797,1316.78ms
2022-04-06 12:30:11,1798,1287.60ms
2022-04-06 12:30:12,1799,280.97ms
2022-04-06 12:30:13,1800,289.40ms
2022-04-06 12:30:14,1801,1296.84ms
2022-04-06 12:30:15,1802,1267.41ms
2022-04-06 12:30:16,1803,276.39ms
2022-04-06 12:30:17,1804,1294.51ms
2022-04-06 12:30:18,1805,286.10ms
2022-04-06 12:30:19,1806,281.84ms
2022-04-06 12:30:20,1807,271.26ms
2022-04-06 12:30:21,1808,274.08ms
2022-04-06 12:30:22,1809,282.10ms
2022-04-06 12:30:23,1810,278.48ms
2022-04-06 12:30:24,1811,1283.53ms
2022-04-06 12:30:25,1812,1302.03ms
2022-04-06 12:30:26,1813,282.33ms
2022-04-06 12:30:27,1814,1297.60ms
2022-04-06 12:30:28,1815,278.29ms
2022-04-06 12:30:29,1816,1467.62ms
2022-04-06 12:30:30,1817,279.20ms
2022-04-06 12:30:31,1818,290.77ms
2022-04-06 12:30:32,1819,1316.23ms
2022-04-06 12:30:33,1820,289.56ms
2022-04-06 12:30:34,1821,279.99ms
2022-04-06 12:30:35,1822,1281.99ms
2022-04-06 12:30:36,1823,1272.08ms
2022-04-06 12:30:37,1824,280.63ms
2022-04-06 12:30:38,1825,1310.16ms
2022-04-06 12:30:39,1826,280.26ms
2022-04-06 12:30:40,1827,1318.03ms
2022-04-06 12:30:41,1828,283.89ms
2022-04-06 12:30:42,1829,286.84ms
2022-04-06 12:30:43,1830,276.16ms
2022-04-06 12:30:44,1831,287.01ms
2022-04-06 12:30:45,1832,269.00ms
2022-04-06 12:30:46,1833,1296.48ms
2022-04-06 12:30:47,1834,285.52ms
2022-04-06 12:30:48,1835,286.35ms
2022-04-06 12:30:49,1836,281.86ms
2022-04-06 12:30:50,1837,278.57ms
2022-04-06 12:30:51,1838,285.72ms
2022-04-06 12:30:52,1839,278.29ms
2022-04-06 12:30:53,1840,275.02ms
2022-04-06 12:30:54,1841,1486.18ms
2022-04-06 12:30:55,1842,268.10ms
2022-04-06 12:30:56,1843,1689.65ms
2022-04-06 12:30:57,1844,295.61ms
2022-04-06 12:30:58,1845,273.53ms
2022-04-06 12:30:59,1846,290.10ms
2022-04-06 12:31:00,1847,1293.36ms
2022-04-06 12:31:01,1848,279.86ms
2022-04-06 12:31:02,1849,272.15ms
2022-04-06 12:31:03,1850,283.29ms
2022-04-06 12:31:04,1851,1296.31ms
2022-04-06 12:31:05,1852,282.90ms
2022-04-06 12:31:06,1853,1278.31ms
2022-04-06 12:31:07,1854,284.93ms
2022-04-06 12:31:08,1855,275.68ms
2022-04-06 12:31:09,1856,277.78ms
2022-04-06 12:31:10,1857,292.14ms
2022-04-06 12:31:11,1858,1312.99ms
2022-04-06 12:31:12,1859,280.95ms
2022-04-06 12:31:13,1860,1296.67ms
2022-04-06 12:31:14,1861,278.17ms
2022-04-06 12:31:15,1862,278.88ms
2022-04-06 12:31:17,1864,275.35ms
2022-04-06 12:31:18,1865,1412.57ms
2022-04-06 12:31:19,1866,272.38ms
2022-04-06 12:31:20,1867,271.68ms
2022-04-06 12:31:21,1868,290.78ms
2022-04-06 12:31:22,1869,279.88ms
2022-04-06 12:31:23,1870,287.54ms
2022-04-06 12:31:24,1871,283.35ms
2022-04-06 12:31:25,1872,280.39ms
2022-04-06 12:31:26,1873,300.88ms
2022-04-06 12:31:27,1874,284.38ms
2022-04-06 12:31:28,1875,284.41ms
2022-04-06 12:31:29,1876,280.32ms
2022-04-06 12:31:30,1877,287.16ms
2022-04-06 12:31:31,1878,284.34ms
2022-04-06 12:31:32,1879,1504.60ms
2022-04-06 12:31:33,1880,279.48ms
2022-04-06 12:31:34,1881,277.72ms
2022-04-06 12:31:35,1882,1272.00ms
2022-04-06 12:31:36,1883,285.87ms
2022-04-06 12:31:37,1884,273.14ms
2022-04-06 12:31:38,1885,1286.77ms
2022-04-06 12:31:39,1886,276.37ms
2022-04-06 12:31:40,1887,278.39ms
2022-04-06 12:31:41,1888,277.39ms
2022-04-06 12:31:42,1889,1285.74ms
2022-04-06 12:31:43,1890,275.42ms
2022-04-06 12:31:44,1891,1294.17ms
2022-04-06 12:31:45,1892,288.36ms
2022-04-06 12:31:46,1893,1315.18ms
2022-04-06 12:31:47,1894,292.22ms
2022-04-06 12:31:48,1895,1287.08ms
2022-04-06 12:31:49,1896,270.68ms
2022-04-06 12:31:50,1897,294.93ms
2022-04-06 12:31:51,1898,287.22ms
2022-04-06 12:31:52,1899,285.75ms
2022-04-06 12:31:53,1900,276.21ms
2022-04-06 12:31:54,1901,1297.80ms
2022-04-06 12:31:55,1902,281.85ms
2022-04-06 12:31:56,1903,286.08ms
2022-04-06 12:31:57,1904,1305.23ms
2022-04-06 12:31:58,1905,277.20ms
2022-04-06 12:31:59,1906,283.36ms
2022-04-06 12:32:00,1907,280.24ms
2022-04-06 12:32:01,1908,281.72ms
2022-04-06 12:32:02,1909,1280.51ms
2022-04-06 12:32:03,1910,1297.02ms
2022-04-06 12:32:05,1912,281.07ms
2022-04-06 12:32:06,1913,1298.60ms
2022-04-06 12:32:07,1914,277.93ms
2022-04-06 12:32:08,1915,289.42ms
2022-04-06 12:32:09,1916,293.62ms
2022-04-06 12:32:10,1917,290.08ms
2022-04-06 12:32:11,1918,286.04ms
2022-04-06 12:32:12,1919,271.40ms
2022-04-06 12:32:13,1920,288.48ms
2022-04-06 12:32:14,1921,280.17ms
2022-04-06 12:32:15,1922,292.19ms
2022-04-06 12:32:16,1923,296.28ms
2022-04-06 12:32:17,1924,288.46ms
2022-04-06 12:32:18,1925,1478.39ms
2022-04-06 12:32:19,1926,304.11ms
2022-04-06 12:32:20,1927,293.28ms
2022-04-06 12:32:21,1928,299.30ms
2022-04-06 12:32:23,1930,283.58ms
2022-04-06 12:32:24,1931,301.18ms
2022-04-06 12:32:26,1933,285.49ms
2022-04-06 12:32:27,1934,1808.47ms
2022-04-06 12:32:28,1935,1285.84ms
2022-04-06 12:32:29,1936,291.44ms
2022-04-06 12:32:30,1937,286.74ms
2022-04-06 12:32:31,1938,292.87ms
2022-04-06 12:32:32,1939,285.59ms
2022-04-06 12:32:33,1940,1319.87ms
2022-04-06 12:32:34,1941,1279.13ms
2022-04-06 12:32:35,1942,1283.01ms
2022-04-06 12:32:36,1943,1299.05ms
2022-04-06 12:32:37,1944,288.33ms
2022-04-06 12:32:38,1945,1305.90ms
2022-04-06 12:32:39,1946,291.48ms
2022-04-06 12:32:40,1947,1791.41ms
2022-04-06 12:32:41,1948,1499.11ms
2022-04-06 12:32:42,1949,294.32ms
2022-04-06 12:32:43,1950,274.47ms
2022-04-06 12:32:44,1951,1703.88ms
2022-04-06 12:32:45,1952,285.86ms
2022-04-06 12:32:47,1954,1303.31ms
2022-04-06 12:32:48,1955,291.08ms
2022-04-06 12:32:49,1956,276.65ms
2022-04-06 12:32:50,1957,1309.87ms
2022-04-06 12:32:51,1958,279.23ms
2022-04-06 12:32:52,1959,285.28ms
2022-04-06 12:32:53,1960,288.61ms
2022-04-06 12:32:54,1961,1275.83ms
2022-04-06 12:32:55,1962,1272.06ms
2022-04-06 12:32:56,1963,285.48ms
2022-04-06 12:32:57,1964,284.73ms
2022-04-06 12:32:58,1965,279.91ms
2022-04-06 12:32:59,1966,279.17ms
2022-04-06 12:33:00,1967,290.53ms
2022-04-06 12:33:01,1968,291.61ms
2022-04-06 12:33:02,1969,281.86ms
2022-04-06 12:33:03,1970,1280.41ms
2022-04-06 12:33:04,1971,1313.23ms
2022-04-06 12:33:05,1972,272.21ms
2022-04-06 12:33:06,1973,278.39ms
2022-04-06 12:33:07,1974,294.93ms
2022-04-06 12:33:08,1975,291.96ms
2022-04-06 12:33:09,1976,275.46ms
2022-04-06 12:33:10,1977,1283.58ms
2022-04-06 12:33:11,1978,1309.95ms
2022-04-06 12:33:12,1979,269.73ms
2022-04-06 12:33:13,1980,292.75ms
2022-04-06 12:33:14,1981,278.16ms
2022-04-06 12:33:15,1982,290.95ms
2022-04-06 12:33:16,1983,293.85ms
2022-04-06 12:33:17,1984,276.33ms
2022-04-06 12:33:18,1985,290.34ms
2022-04-06 12:33:19,1986,272.82ms
2022-04-06 12:33:20,1987,1302.11ms
2022-04-06 12:33:21,1988,1490.32ms
2022-04-06 12:33:22,1989,1284.00ms
2022-04-06 12:33:23,1990,1291.00ms
2022-04-06 12:33:24,1991,1303.24ms
2022-04-06 12:33:25,1992,268.88ms
2022-04-06 12:33:26,1993,280.80ms
2022-04-06 12:33:27,1994,290.43ms
2022-04-06 12:33:28,1995,1279.04ms
2022-04-06 12:33:29,1996,284.60ms
2022-04-06 12:33:30,1997,1298.19ms
2022-04-06 12:33:31,1998,291.29ms
2022-04-06 12:33:32,1999,285.48ms
2022-04-06 12:33:33,2000,266.75ms
2022-04-06 12:33:34,2001,1325.55ms
2022-04-06 12:33:35,2002,1278.11ms
2022-04-06 12:33:36,2003,279.16ms
2022-04-06 12:33:37,2004,286.89ms
2022-04-06 12:33:39,2006,274.97ms
2022-04-06 12:33:40,2007,1399.75ms
2022-04-06 12:33:41,2008,291.33ms
2022-04-06 12:33:42,2009,283.77ms
2022-04-06 12:33:43,2010,274.08ms
2022-04-06 12:33:44,2011,1486.91ms
2022-04-06 12:33:45,2012,274.07ms
2022-04-06 12:33:46,2013,281.80ms
2022-04-06 12:33:47,2014,282.09ms
2022-04-06 12:33:48,2015,279.63ms
2022-04-06 12:33:49,2016,296.00ms
2022-04-06 12:33:50,2017,296.16ms
2022-04-06 12:33:51,2018,292.73ms
2022-04-06 12:33:52,2019,295.68ms
2022-04-06 12:33:53,2020,282.25ms
2022-04-06 12:33:54,2021,279.78ms
2022-04-06 12:33:55,2022,279.04ms
2022-04-06 12:33:56,2023,1282.85ms
2022-04-06 12:33:57,2024,277.84ms
2022-04-06 12:33:58,2025,1309.63ms
2022-04-06 12:33:59,2026,1315.39ms
2022-04-06 12:34:00,2027,280.27ms
2022-04-06 12:34:01,2028,279.05ms
2022-04-06 12:34:02,2029,284.41ms
2022-04-06 12:34:03,2030,1305.38ms
2022-04-06 12:34:04,2031,290.70ms
2022-04-06 12:34:05,2032,288.46ms
2022-04-06 12:34:06,2033,298.00ms
2022-04-06 12:34:07,2034,277.68ms
2022-04-06 12:34:08,2035,1288.48ms
2022-04-06 12:34:09,2036,299.18ms
2022-04-06 12:34:11,2038,276.10ms
2022-04-06 12:34:12,2039,292.92ms
2022-04-06 12:34:13,2040,1281.30ms
2022-04-06 12:34:14,2041,284.11ms
2022-04-06 12:34:15,2042,282.52ms
2022-04-06 12:34:16,2043,308.18ms
2022-04-06 12:34:17,2044,1310.98ms
2022-04-06 12:34:18,2045,266.54ms
2022-04-06 12:34:20,2046,1300.83ms
2022-04-06 12:34:21,2047,291.07ms
2022-04-06 12:34:22,2048,1299.41ms
2022-04-06 12:34:23,2049,288.41ms
2022-04-06 12:34:24,2050,295.45ms
2022-04-06 12:34:25,2051,1289.41ms
2022-04-06 12:34:26,2052,1299.87ms
2022-04-06 12:34:27,2053,288.38ms
2022-04-06 12:34:28,2054,292.34ms
2022-04-06 12:34:29,2055,1283.50ms
2022-04-06 12:34:30,2056,284.64ms
2022-04-06 12:34:31,2057,287.34ms
2022-04-06 12:34:32,2058,1288.92ms
2022-04-06 12:34:33,2059,282.12ms
2022-04-06 12:34:34,2060,1300.00ms
2022-04-06 12:34:35,2061,1269.41ms
2022-04-06 12:34:36,2062,285.58ms
2022-04-06 12:34:37,2063,298.80ms
2022-04-06 12:34:38,2064,290.95ms
2022-04-06 12:34:39,2065,274.47ms
2022-04-06 12:34:40,2066,1274.58ms
2022-04-06 12:34:41,2067,283.85ms
2022-04-06 12:34:42,2068,1310.51ms
2022-04-06 12:34:43,2069,1481.83ms
2022-04-06 12:34:44,2070,1295.10ms
2022-04-06 12:34:45,2071,1317.33ms
2022-04-06 12:34:46,2072,291.87ms
2022-04-06 12:34:47,2073,280.07ms
2022-04-06 12:34:49,2075,277.94ms
2022-04-06 12:34:50,2076,284.53ms
2022-04-06 12:34:51,2077,277.88ms
2022-04-06 12:34:52,2078,281.65ms
2022-04-06 12:34:53,2079,281.23ms
2022-04-06 12:34:54,2080,289.30ms
2022-04-06 12:34:56,2082,1305.36ms
2022-04-06 12:34:57,2083,284.16ms
2022-04-06 12:34:58,2084,278.22ms
2022-04-06 12:34:59,2085,279.77ms
2022-04-06 12:35:00,2086,1289.68ms
2022-04-06 12:35:01,2087,286.08ms
2022-04-06 12:35:02,2088,295.19ms
2022-04-06 12:35:03,2089,293.41ms
2022-04-06 12:35:04,2090,1311.76ms
2022-04-06 12:35:05,2091,1319.95ms
2022-04-06 12:35:06,2092,271.77ms
2022-04-06 12:35:07,2093,1307.62ms
2022-04-06 12:35:08,2094,289.64ms
2022-04-06 12:35:09,2095,1298.10ms
2022-04-06 12:35:10,2096,287.74ms
2022-04-06 12:35:11,2097,277.06ms
2022-04-06 12:35:12,2098,290.81ms
2022-04-06 12:35:13,2099,1479.07ms
2022-04-06 12:35:14,2100,292.45ms
2022-04-06 12:35:15,2101,280.87ms
2022-04-06 12:35:16,2102,1307.75ms
2022-04-06 12:35:17,2103,288.21ms
2022-04-06 12:35:18,2104,286.85ms
2022-04-06 12:35:19,2105,1295.28ms
2022-04-06 12:35:20,2106,267.01ms
2022-04-06 12:35:21,2107,1282.10ms
2022-04-06 12:35:22,2108,1291.55ms
2022-04-06 12:35:23,2109,291.93ms
2022-04-06 12:35:25,2111,285.59ms
2022-04-06 12:35:26,2112,276.35ms
2022-04-06 12:35:28,2114,275.91ms
2022-04-06 12:35:29,2115,295.94ms
2022-04-06 12:35:30,2116,284.16ms
2022-04-06 12:35:31,2117,276.96ms
2022-04-06 12:35:32,2118,282.51ms
2022-04-06 12:35:33,2119,1284.34ms
2022-04-06 12:35:34,2120,271.58ms
2022-04-06 12:35:35,2121,265.94ms
2022-04-06 12:35:36,2122,1293.44ms
2022-04-06 12:35:38,2124,278.00ms
2022-04-06 12:35:39,2125,1308.76ms
2022-04-06 12:35:40,2126,1483.15ms
2022-04-06 12:35:41,2127,282.19ms
2022-04-06 12:35:42,2128,277.40ms
2022-04-06 12:35:44,2130,1300.43ms
2022-04-06 12:35:45,2131,1577.08ms
2022-04-06 12:35:46,2132,277.23ms
2022-04-06 12:35:47,2133,278.97ms
2022-04-06 12:35:48,2134,288.18ms
2022-04-06 12:35:49,2135,1299.14ms
2022-04-06 12:35:50,2136,286.08ms
2022-04-06 12:35:51,2137,1491.75ms
2022-04-06 12:35:52,2138,287.66ms
2022-04-06 12:35:53,2139,277.14ms
2022-04-06 12:35:54,2140,290.35ms
2022-04-06 12:35:55,2141,296.19ms
2022-04-06 12:35:56,2142,1291.29ms
2022-04-06 12:35:57,2143,1286.11ms
2022-04-06 12:35:58,2144,1288.03ms
2022-04-06 12:35:59,2145,295.99ms
2022-04-06 12:36:00,2146,289.26ms
2022-04-06 12:36:01,2147,268.49ms
2022-04-06 12:36:02,2148,280.09ms
2022-04-06 12:36:03,2149,284.00ms
2022-04-06 12:36:04,2150,1285.40ms
2022-04-06 12:36:05,2151,1295.13ms
2022-04-06 12:36:06,2152,275.37ms
2022-04-06 12:36:07,2153,1276.75ms
2022-04-06 12:36:08,2154,1408.37ms
2022-04-06 12:36:09,2155,1482.86ms
2022-04-06 12:36:10,2156,1290.26ms
2022-04-06 12:36:11,2157,1291.57ms
2022-04-06 12:36:12,2158,300.84ms
2022-04-06 12:36:13,2159,1290.65ms
2022-04-06 12:36:14,2160,288.84ms
2022-04-06 12:36:15,2161,292.70ms
2022-04-06 12:36:16,2162,297.43ms
2022-04-06 12:36:17,2163,277.84ms
2022-04-06 12:36:19,2165,278.73ms
2022-04-06 12:36:20,2166,269.73ms
2022-04-06 12:36:21,2167,286.76ms
2022-04-06 12:36:22,2168,273.05ms
2022-04-06 12:36:23,2169,1311.95ms
2022-04-06 12:36:24,2170,273.82ms
2022-04-06 12:36:25,2171,282.67ms
2022-04-06 12:36:26,2172,283.85ms
2022-04-06 12:36:27,2173,286.19ms
2022-04-06 12:36:28,2174,293.82ms
2022-04-06 12:36:29,2175,274.62ms
2022-04-06 12:36:30,2176,283.23ms
2022-04-06 12:36:31,2177,1474.28ms
2022-04-06 12:36:32,2178,269.95ms
2022-04-06 12:36:34,2180,279.05ms
2022-04-06 12:36:35,2181,278.81ms
2022-04-06 12:36:36,2182,292.93ms
2022-04-06 12:36:37,2183,289.44ms
2022-04-06 12:36:38,2184,277.68ms
2022-04-06 12:36:39,2185,271.60ms
2022-04-06 12:36:40,2186,291.59ms
2022-04-06 12:36:41,2187,1319.76ms
2022-04-06 12:36:42,2188,285.54ms
2022-04-06 12:36:43,2189,283.34ms
2022-04-06 12:36:45,2191,280.48ms
2022-04-06 12:36:46,2192,279.39ms
2022-04-06 12:36:47,2193,273.73ms
2022-04-06 12:36:48,2194,285.61ms
2022-04-06 12:36:49,2195,286.63ms
2022-04-06 12:36:50,2196,295.40ms
2022-04-06 12:36:51,2197,275.31ms
2022-04-06 12:36:52,2198,278.45ms
2022-04-06 12:36:53,2199,281.18ms
2022-04-06 12:36:54,2200,1273.53ms
2022-04-06 12:36:55,2201,289.44ms
2022-04-06 12:36:56,2202,1267.58ms
2022-04-06 12:36:57,2203,288.80ms
2022-04-06 12:36:58,2204,1286.28ms
2022-04-06 12:36:59,2205,277.00ms
2022-04-06 12:37:00,2206,275.62ms
2022-04-06 12:37:01,2207,282.97ms
2022-04-06 12:37:02,2208,302.06ms
2022-04-06 12:37:03,2209,280.23ms
2022-04-06 12:37:04,2210,281.29ms
2022-04-06 12:37:05,2211,1289.13ms
2022-04-06 12:37:06,2212,1274.12ms
2022-04-06 12:37:07,2213,291.07ms
2022-04-06 12:37:08,2214,1319.75ms
2022-04-06 12:37:09,2215,283.62ms
2022-04-06 12:37:10,2216,1276.30ms
2022-04-06 12:37:11,2217,1296.80ms
2022-04-06 12:37:12,2218,1302.75ms
2022-04-06 12:37:13,2219,1281.42ms
2022-04-06 12:37:14,2220,1284.50ms
2022-04-06 12:37:15,2221,277.42ms
2022-04-06 12:37:16,2222,279.90ms
2022-04-06 12:37:17,2223,282.91ms
2022-04-06 12:37:18,2224,288.23ms
2022-04-06 12:37:20,2226,286.62ms
2022-04-06 12:37:21,2227,290.11ms
2022-04-06 12:37:22,2228,1282.34ms
2022-04-06 12:37:23,2229,286.57ms
2022-04-06 12:37:24,2230,1298.04ms
2022-04-06 12:37:25,2231,279.69ms
2022-04-06 12:37:26,2232,1294.47ms
2022-04-06 12:37:27,2233,281.48ms
2022-04-06 12:37:28,2234,285.25ms
2022-04-06 12:37:29,2235,1304.55ms
2022-04-06 12:37:30,2236,1313.47ms
2022-04-06 12:37:31,2237,282.37ms
2022-04-06 12:37:32,2238,282.90ms
2022-04-06 12:37:33,2239,278.98ms
2022-04-06 12:37:34,2240,279.84ms
2022-04-06 12:37:35,2241,1288.39ms
2022-04-06 12:37:36,2242,281.84ms
2022-04-06 12:37:37,2243,279.74ms
2022-04-06 12:37:38,2244,1290.89ms
2022-04-06 12:37:39,2245,301.46ms
2022-04-06 12:37:40,2246,1316.84ms
2022-04-06 12:37:41,2247,285.81ms
2022-04-06 12:37:42,2248,1278.69ms
2022-04-06 12:37:43,2249,279.75ms
2022-04-06 12:37:44,2250,282.46ms
2022-04-06 12:37:45,2251,1286.83ms
2022-04-06 12:37:46,2252,280.79ms
2022-04-06 12:37:47,2253,1277.95ms
2022-04-06 12:37:48,2254,282.52ms
2022-04-06 12:37:49,2255,281.63ms
2022-04-06 12:37:50,2256,285.10ms
2022-04-06 12:37:51,2257,276.67ms
2022-04-06 12:37:52,2258,277.85ms
2022-04-06 12:37:53,2259,1272.28ms
2022-04-06 12:37:54,2260,295.76ms
2022-04-06 12:37:55,2261,289.50ms
2022-04-06 12:37:56,2262,1341.77ms
2022-04-06 12:37:57,2263,1332.90ms
2022-04-06 12:37:58,2264,307.42ms
2022-04-06 12:37:59,2265,308.98ms
2022-04-06 12:38:00,2266,301.91ms
2022-04-06 12:38:01,2267,313.13ms
2022-04-06 12:38:02,2268,308.86ms
2022-04-06 12:38:03,2269,311.52ms
2022-04-06 12:38:05,2271,1314.77ms
2022-04-06 12:38:06,2272,1341.70ms
2022-04-06 12:38:07,2273,1327.00ms
2022-04-06 12:38:08,2274,1310.77ms
2022-04-06 12:38:10,2276,1314.14ms
2022-04-06 12:38:12,2278,300.37ms
2022-04-06 12:38:14,2280,319.87ms
2022-04-06 12:38:17,2283,1321.55ms
2022-04-06 12:38:18,2284,1295.85ms
2022-04-06 12:38:19,2285,283.56ms
2022-04-06 12:38:20,2286,1299.92ms
2022-04-06 12:38:21,2287,1316.63ms
2022-04-06 12:38:22,2288,1295.31ms
2022-04-06 12:38:24,2290,1694.32ms
2022-04-06 12:38:25,2291,1309.44ms
2022-04-06 12:38:26,2292,287.85ms
2022-04-06 12:38:27,2293,296.48ms
2022-04-06 12:38:28,2294,283.72ms
2022-04-06 12:38:29,2295,1285.26ms
2022-04-06 12:38:30,2296,1284.20ms
2022-04-06 12:38:31,2297,281.47ms
2022-04-06 12:38:32,2298,283.36ms
2022-04-06 12:38:33,2299,288.52ms
2022-04-06 12:38:34,2300,281.08ms
2022-04-06 12:38:35,2301,1297.04ms
2022-04-06 12:38:36,2302,286.74ms
2022-04-06 12:38:37,2303,280.77ms
2022-04-06 12:38:38,2304,271.34ms
2022-04-06 12:38:39,2305,291.14ms
2022-04-06 12:38:40,2306,288.89ms
2022-04-06 12:38:41,2307,1290.93ms
2022-04-06 12:38:42,2308,283.40ms
2022-04-06 12:38:43,2309,1305.33ms
2022-04-06 12:38:44,2310,278.64ms
2022-04-06 12:38:45,2311,288.59ms
2022-04-06 12:38:46,2312,283.81ms
2022-04-06 12:38:48,2314,291.14ms
2022-04-06 12:38:49,2315,280.30ms
2022-04-06 12:38:50,2316,283.55ms
2022-04-06 12:38:51,2317,272.66ms
2022-04-06 12:38:52,2318,1706.69ms
2022-04-06 12:38:53,2319,267.33ms
2022-04-06 12:38:54,2320,281.85ms
2022-04-06 12:38:55,2321,1279.05ms
2022-04-06 12:38:56,2322,280.47ms
2022-04-06 12:38:57,2323,280.90ms
2022-04-06 12:38:58,2324,295.02ms
2022-04-06 12:38:59,2325,1386.61ms
2022-04-06 12:39:00,2326,1285.43ms
2022-04-06 12:39:01,2327,280.87ms
2022-04-06 12:39:02,2328,275.54ms
2022-04-06 12:39:03,2329,285.45ms
2022-04-06 12:39:04,2330,290.80ms
2022-04-06 12:39:05,2331,269.89ms
2022-04-06 12:39:06,2332,279.41ms
2022-04-06 12:39:07,2333,284.49ms
2022-04-06 12:39:08,2334,302.25ms
2022-04-06 12:39:09,2335,279.43ms
2022-04-06 12:39:10,2336,279.19ms
2022-04-06 12:39:11,2337,291.30ms
2022-04-06 12:39:12,2338,277.31ms
2022-04-06 12:39:13,2339,283.86ms
2022-04-06 12:39:14,2340,1284.87ms
2022-04-06 12:39:15,2341,283.45ms
2022-04-06 12:39:16,2342,289.46ms
2022-04-06 12:39:17,2343,1677.08ms
2022-04-06 12:39:18,2344,280.98ms
2022-04-06 12:39:19,2345,272.76ms
2022-04-06 12:39:20,2346,1263.68ms
2022-04-06 12:39:21,2347,282.47ms
2022-04-06 12:39:22,2348,272.92ms
2022-04-06 12:39:23,2349,1296.93ms
2022-04-06 12:39:24,2350,292.15ms
2022-04-06 12:39:25,2351,272.89ms
2022-04-06 12:39:26,2352,287.88ms
2022-04-06 12:39:27,2353,1285.59ms
2022-04-06 12:39:28,2354,1272.98ms
2022-04-06 12:39:29,2355,276.74ms
2022-04-06 12:39:30,2356,295.57ms
2022-04-06 12:39:31,2357,278.15ms
2022-04-06 12:39:32,2358,275.05ms
2022-04-06 12:39:33,2359,279.42ms
2022-04-06 12:39:34,2360,272.72ms
2022-04-06 12:39:35,2361,289.77ms
2022-04-06 12:39:36,2362,281.79ms
2022-04-06 12:39:37,2363,268.19ms
2022-04-06 12:39:38,2364,291.92ms
2022-04-06 12:39:39,2365,1485.15ms
2022-04-06 12:39:40,2366,288.32ms
2022-04-06 12:39:41,2367,1479.99ms
2022-04-06 12:39:42,2368,277.11ms
2022-04-06 12:39:43,2369,281.91ms
2022-04-06 12:39:45,2371,1475.90ms
2022-04-06 12:39:46,2372,283.66ms
2022-04-06 12:39:47,2373,1690.02ms
2022-04-06 12:39:48,2374,1283.15ms
2022-04-06 12:39:49,2375,270.15ms
2022-04-06 12:39:50,2376,300.65ms
2022-04-06 12:39:51,2377,1276.51ms
2022-04-06 12:39:52,2378,274.90ms
2022-04-06 12:39:53,2379,280.01ms
2022-04-06 12:39:54,2380,277.57ms
2022-04-06 12:39:55,2381,285.49ms
2022-04-06 12:39:57,2383,277.38ms
2022-04-06 12:39:58,2384,285.73ms
2022-04-06 12:39:59,2385,1281.99ms
2022-04-06 12:40:00,2386,276.35ms
2022-04-06 12:40:01,2387,284.78ms
2022-04-06 12:40:02,2388,289.69ms
2022-04-06 12:40:03,2389,281.70ms
2022-04-06 12:40:04,2390,284.68ms
2022-04-06 12:40:05,2391,278.85ms
2022-04-06 12:40:06,2392,276.70ms
2022-04-06 12:40:07,2393,284.72ms
2022-04-06 12:40:08,2394,293.05ms
2022-04-06 12:40:09,2395,269.99ms
2022-04-06 12:40:10,2396,282.19ms
2022-04-06 12:40:11,2397,291.05ms
2022-04-06 12:40:12,2398,276.82ms
2022-04-06 12:40:13,2399,290.43ms
2022-04-06 12:40:14,2400,276.87ms
2022-04-06 12:40:15,2401,1275.13ms
2022-04-06 12:40:16,2402,282.40ms
2022-04-06 12:40:17,2403,287.82ms
2022-04-06 12:40:18,2404,272.86ms
2022-04-06 12:40:19,2405,1287.51ms
2022-04-06 12:40:20,2406,283.42ms
2022-04-06 12:40:21,2407,275.84ms
2022-04-06 12:40:23,2409,1313.29ms
2022-04-06 12:40:24,2410,285.56ms
2022-04-06 12:40:25,2411,280.79ms
2022-04-06 12:40:26,2412,272.84ms
2022-04-06 12:40:27,2413,279.30ms
2022-04-06 12:40:28,2414,285.36ms
2022-04-06 12:40:29,2415,1274.73ms
2022-04-06 12:40:30,2416,275.44ms
2022-04-06 12:40:31,2417,281.98ms
2022-04-06 12:40:33,2419,284.72ms
2022-04-06 12:40:34,2420,276.42ms
2022-04-06 12:40:35,2421,1266.39ms
2022-04-06 12:40:36,2422,1279.22ms
2022-04-06 12:40:37,2423,1399.86ms
2022-04-06 12:40:38,2424,1296.63ms
2022-04-06 12:40:40,2426,1278.03ms
2022-04-06 12:40:41,2427,281.70ms
2022-04-06 12:40:42,2428,289.62ms
2022-04-06 12:40:43,2429,274.98ms
2022-04-06 12:40:44,2430,279.79ms
2022-04-06 12:40:45,2431,273.36ms
2022-04-06 12:40:46,2432,1284.85ms
2022-04-06 12:40:47,2433,1483.46ms
2022-04-06 12:40:48,2434,1303.97ms
2022-04-06 12:40:49,2435,285.87ms
2022-04-06 12:40:50,2436,275.29ms
2022-04-06 12:40:51,2437,268.40ms
2022-04-06 12:40:52,2438,278.20ms
2022-04-06 12:40:53,2439,1279.41ms
2022-04-06 12:40:54,2440,287.56ms
2022-04-06 12:40:55,2441,276.92ms
2022-04-06 12:40:56,2442,269.48ms
2022-04-06 12:40:57,2443,282.23ms
2022-04-06 12:40:58,2444,1293.79ms
2022-04-06 12:40:59,2445,288.37ms
2022-04-06 12:41:00,2446,297.94ms
2022-04-06 12:41:01,2447,1285.85ms
2022-04-06 12:41:02,2448,283.33ms
2022-04-06 12:41:03,2449,1284.08ms
2022-04-06 12:41:04,2450,1298.00ms
2022-04-06 12:41:05,2451,306.30ms
2022-04-06 12:41:06,2452,1283.27ms
2022-04-06 12:41:07,2453,1486.38ms
2022-04-06 12:41:08,2454,281.31ms
2022-04-06 12:41:09,2455,277.97ms
2022-04-06 12:41:10,2456,274.16ms
2022-04-06 12:41:11,2457,1315.01ms
2022-04-06 12:41:12,2458,1323.96ms
2022-04-06 12:41:13,2459,282.55ms
2022-04-06 12:41:14,2460,271.80ms
2022-04-06 12:41:15,2461,273.31ms
2022-04-06 12:41:16,2462,301.00ms
2022-04-06 12:41:17,2463,304.82ms
2022-04-06 12:41:18,2464,1322.72ms
2022-04-06 12:41:19,2465,1533.32ms
2022-04-06 12:41:21,2467,306.02ms
2022-04-06 12:41:22,2468,308.99ms
2022-04-06 12:41:23,2469,1355.81ms
2022-04-06 12:41:25,2471,1326.37ms
2022-04-06 12:41:27,2473,1344.50ms
2022-04-06 12:41:29,2475,320.22ms
2022-04-06 12:41:31,2477,1345.59ms
2022-04-06 12:41:32,2478,1887.85ms
2022-04-06 12:41:33,2479,1334.29ms
2022-04-06 12:41:34,2480,1323.16ms
2022-04-06 12:41:35,2481,1791.62ms
2022-04-06 12:41:36,2482,310.58ms
2022-04-06 12:41:37,2483,1320.57ms
2022-04-06 12:41:38,2484,1486.68ms
2022-04-06 12:41:39,2485,303.46ms
2022-04-06 12:41:40,2486,1327.86ms
2022-04-06 12:41:41,2487,1343.11ms
2022-04-06 12:41:42,2488,314.87ms
2022-04-06 12:41:43,2489,1580.76ms
2022-04-06 12:41:45,2491,317.45ms
2022-04-06 12:41:46,2492,1357.31ms
2022-04-06 12:41:47,2493,284.98ms
2022-04-06 12:41:48,2494,1280.85ms
2022-04-06 12:41:49,2495,1288.74ms
2022-04-06 12:41:50,2496,286.42ms
2022-04-06 12:41:51,2497,288.16ms
2022-04-06 12:41:52,2498,1305.86ms
2022-04-06 12:41:53,2499,287.98ms
2022-04-06 12:41:54,2500,284.45ms
2022-04-06 12:41:55,2501,1281.46ms
2022-04-06 12:41:56,2502,1477.43ms
2022-04-06 12:41:57,2503,273.47ms
2022-04-06 12:41:58,2504,1294.18ms
2022-04-06 12:41:59,2505,277.97ms
2022-04-06 12:42:00,2506,1515.47ms
2022-04-06 12:42:01,2507,283.75ms
2022-04-06 12:42:02,2508,296.02ms
2022-04-06 12:42:03,2509,1289.50ms
2022-04-06 12:42:04,2510,270.93ms
2022-04-06 12:42:05,2511,290.99ms
2022-04-06 12:42:06,2512,281.34ms
2022-04-06 12:42:07,2513,278.99ms
2022-04-06 12:42:08,2514,1299.97ms
2022-04-06 12:42:09,2515,279.90ms
2022-04-06 12:42:10,2516,1695.22ms
2022-04-06 12:42:11,2517,285.21ms
2022-04-06 12:42:12,2518,1282.90ms
2022-04-06 12:42:13,2519,281.37ms
2022-04-06 12:42:14,2520,270.69ms
2022-04-06 12:42:16,2522,273.53ms
2022-04-06 12:42:17,2523,279.98ms
2022-04-06 12:42:18,2524,279.74ms
2022-04-06 12:42:19,2525,280.05ms
2022-04-06 12:42:20,2526,282.29ms
2022-04-06 12:42:21,2527,284.12ms
2022-04-06 12:42:22,2528,280.47ms
2022-04-06 12:42:23,2529,1300.39ms
2022-04-06 12:42:24,2530,268.58ms
2022-04-06 12:42:25,2531,292.37ms
2022-04-06 12:42:26,2532,277.53ms
2022-04-06 12:42:27,2533,285.75ms
2022-04-06 12:42:28,2534,292.32ms
2022-04-06 12:42:29,2535,1307.14ms
2022-04-06 12:42:30,2536,288.27ms
2022-04-06 12:42:31,2537,275.95ms
2022-04-06 12:42:32,2538,288.10ms
2022-04-06 12:42:33,2539,285.68ms
2022-04-06 12:42:34,2540,281.66ms
2022-04-06 12:42:35,2541,299.79ms
2022-04-06 12:42:36,2542,1312.00ms
2022-04-06 12:42:37,2543,290.10ms
2022-04-06 12:42:38,2544,297.44ms
2022-04-06 12:42:39,2545,295.75ms
2022-04-06 12:42:40,2546,278.99ms
2022-04-06 12:42:41,2547,272.77ms
2022-04-06 12:42:42,2548,1300.21ms
2022-04-06 12:42:43,2549,274.34ms
2022-04-06 12:42:44,2550,269.30ms
2022-04-06 12:42:45,2551,281.80ms
2022-04-06 12:42:46,2552,1286.38ms
2022-04-06 12:42:47,2553,281.46ms
2022-04-06 12:42:48,2554,272.66ms
2022-04-06 12:42:49,2555,271.10ms
2022-04-06 12:42:50,2556,287.45ms
2022-04-06 12:42:51,2557,277.64ms
2022-04-06 12:42:52,2558,283.05ms
2022-04-06 12:42:53,2559,286.44ms
2022-04-06 12:42:54,2560,278.93ms
2022-04-06 12:42:55,2561,280.68ms
2022-04-06 12:42:56,2562,282.23ms
2022-04-06 12:42:57,2563,281.69ms
2022-04-06 12:42:58,2564,280.18ms
2022-04-06 12:42:59,2565,1327.79ms
2022-04-06 12:43:00,2566,274.27ms
2022-04-06 12:43:01,2567,267.85ms
2022-04-06 12:43:02,2568,1289.19ms
2022-04-06 12:43:03,2569,1392.01ms
2022-04-06 12:43:04,2570,286.32ms
2022-04-06 12:43:05,2571,282.04ms
2022-04-06 12:43:06,2572,298.45ms
2022-04-06 12:43:07,2573,1475.36ms
2022-04-06 12:43:08,2574,263.83ms
2022-04-06 12:43:09,2575,281.18ms
2022-04-06 12:43:10,2576,1275.31ms
2022-04-06 12:43:11,2577,1422.17ms
2022-04-06 12:43:12,2578,284.75ms
2022-04-06 12:43:13,2579,1305.11ms
2022-04-06 12:43:14,2580,303.08ms
2022-04-06 12:43:15,2581,1282.87ms
2022-04-06 12:43:16,2582,285.41ms
2022-04-06 12:43:17,2583,288.23ms
2022-04-06 12:43:19,2585,279.41ms
2022-04-06 12:43:20,2586,291.90ms
2022-04-06 12:43:21,2587,275.32ms
2022-04-06 12:43:22,2588,1316.88ms
2022-04-06 12:43:23,2589,1378.51ms
2022-04-06 12:43:24,2590,288.33ms
2022-04-06 12:43:25,2591,300.04ms
2022-04-06 12:43:26,2592,279.33ms
2022-04-06 12:43:27,2593,280.83ms
2022-04-06 12:43:28,2594,288.93ms
2022-04-06 12:43:29,2595,1501.88ms
2022-04-06 12:43:30,2596,286.72ms
2022-04-06 12:43:31,2597,287.12ms
2022-04-06 12:43:32,2598,282.84ms
2022-04-06 12:43:33,2599,279.80ms
2022-04-06 12:43:34,2600,281.74ms
2022-04-06 12:43:35,2601,279.59ms
2022-04-06 12:43:36,2602,1307.88ms
2022-04-06 12:43:37,2603,309.81ms
2022-04-06 12:43:38,2604,1312.02ms
2022-04-06 12:43:39,2605,281.41ms
2022-04-06 12:43:40,2606,323.23ms
2022-04-06 12:43:41,2607,299.80ms
2022-04-06 12:43:42,2608,283.79ms
2022-04-06 12:43:43,2609,292.99ms
2022-04-06 12:43:44,2610,292.46ms
2022-04-06 12:43:45,2611,287.97ms
2022-04-06 12:43:46,2612,284.87ms
2022-04-06 12:43:47,2613,1271.30ms
2022-04-06 12:43:48,2614,284.69ms
2022-04-06 12:43:49,2615,278.59ms
2022-04-06 12:43:50,2616,274.53ms
2022-04-06 12:43:51,2617,281.48ms
2022-04-06 12:43:52,2618,1683.25ms
2022-04-06 12:43:53,2619,296.29ms
2022-04-06 12:43:54,2620,1292.56ms
2022-04-06 12:43:55,2621,293.86ms
2022-04-06 12:43:56,2622,282.38ms
2022-04-06 12:43:57,2623,1316.01ms
2022-04-06 12:43:58,2624,1288.24ms
2022-04-06 12:43:59,2625,282.82ms
2022-04-06 12:44:00,2626,281.55ms
2022-04-06 12:44:01,2627,1482.19ms
2022-04-06 12:44:02,2628,300.32ms
2022-04-06 12:44:03,2629,279.70ms
2022-04-06 12:44:04,2630,1483.16ms
2022-04-06 12:44:05,2631,1275.45ms
2022-04-06 12:44:06,2632,1309.35ms
2022-04-06 12:44:07,2633,1291.51ms
2022-04-06 12:44:08,2634,280.08ms
2022-04-06 12:44:09,2635,278.49ms
2022-04-06 12:44:10,2636,291.32ms
2022-04-06 12:44:11,2637,280.60ms
2022-04-06 12:44:12,2638,291.58ms
2022-04-06 12:44:13,2639,1279.70ms
2022-04-06 12:44:14,2640,285.86ms
2022-04-06 12:44:15,2641,283.48ms
2022-04-06 12:44:16,2642,281.10ms
2022-04-06 12:44:17,2643,287.02ms
2022-04-06 12:44:18,2644,272.09ms
2022-04-06 12:44:19,2645,1281.76ms
2022-04-06 12:44:20,2646,283.62ms
2022-04-06 12:44:21,2647,285.82ms
2022-04-06 12:44:22,2648,1283.98ms
2022-04-06 12:44:23,2649,296.15ms
2022-04-06 12:44:25,2651,1291.58ms
2022-04-06 12:44:26,2652,290.28ms
2022-04-06 12:44:27,2653,297.65ms
2022-04-06 12:44:28,2654,1296.82ms
2022-04-06 12:44:29,2655,277.48ms
2022-04-06 12:44:30,2656,279.02ms
2022-04-06 12:44:31,2657,280.31ms
2022-04-06 12:44:32,2658,297.64ms
2022-04-06 12:44:33,2659,1300.78ms
2022-04-06 12:44:35,2661,295.17ms
2022-04-06 12:44:36,2662,288.75ms
2022-04-06 12:44:37,2663,270.78ms
2022-04-06 12:44:38,2664,292.54ms
2022-04-06 12:44:39,2665,279.67ms
2022-04-06 12:44:40,2666,272.31ms
2022-04-06 12:44:41,2667,283.76ms
2022-04-06 12:44:42,2668,1280.29ms
2022-04-06 12:44:44,2670,298.52ms
2022-04-06 12:44:45,2671,279.26ms
2022-04-06 12:44:46,2672,1291.19ms
2022-04-06 12:44:47,2673,1280.82ms
2022-04-06 12:44:48,2674,281.88ms
2022-04-06 12:44:49,2675,284.48ms
2022-04-06 12:44:50,2676,276.78ms
2022-04-06 12:44:51,2677,288.61ms
2022-04-06 12:44:52,2678,271.26ms
2022-04-06 12:44:53,2679,285.81ms
2022-04-06 12:44:55,2681,1306.85ms
2022-04-06 12:44:56,2682,284.16ms
2022-04-06 12:44:57,2683,298.91ms
2022-04-06 12:44:58,2684,280.49ms
2022-04-06 12:44:59,2685,1299.68ms
2022-04-06 12:45:01,2687,1298.53ms
2022-04-06 12:45:02,2688,269.65ms
2022-04-06 12:45:03,2689,277.12ms
2022-04-06 12:45:05,2691,1475.50ms
2022-04-06 12:45:06,2692,272.54ms
2022-04-06 12:45:07,2693,284.95ms
2022-04-06 12:45:08,2694,290.40ms
2022-04-06 12:45:09,2695,283.40ms
2022-04-06 12:45:10,2696,273.58ms
2022-04-06 12:45:11,2697,297.79ms
2022-04-06 12:45:12,2698,277.87ms
2022-04-06 12:45:13,2699,1667.74ms
2022-04-06 12:45:14,2700,272.01ms
2022-04-06 12:45:15,2701,284.27ms
2022-04-06 12:45:16,2702,1482.50ms
2022-04-06 12:45:17,2703,1269.93ms
2022-04-06 12:45:18,2704,279.28ms
2022-04-06 12:45:19,2705,1486.61ms
2022-04-06 12:45:20,2706,293.37ms
2022-04-06 12:45:21,2707,1292.05ms
2022-04-06 12:45:22,2708,280.88ms
2022-04-06 12:45:23,2709,276.41ms
2022-04-06 12:45:24,2710,281.43ms
2022-04-06 12:45:25,2711,1675.15ms
2022-04-06 12:45:26,2712,1316.63ms
2022-04-06 12:45:27,2713,284.73ms
2022-04-06 12:45:28,2714,286.74ms
2022-04-06 12:45:29,2715,300.36ms
2022-04-06 12:45:30,2716,1306.53ms
2022-04-06 12:45:31,2717,275.55ms
2022-04-06 12:45:32,2718,1285.91ms
2022-04-06 12:45:33,2719,281.84ms
2022-04-06 12:45:34,2720,285.14ms
2022-04-06 12:45:35,2721,284.55ms
2022-04-06 12:45:36,2722,290.37ms
2022-04-06 12:45:37,2723,288.92ms
2022-04-06 12:45:39,2725,278.54ms
2022-04-06 12:45:40,2726,287.14ms
2022-04-06 12:45:41,2727,295.12ms
2022-04-06 12:45:42,2728,1303.83ms
2022-04-06 12:45:43,2729,1310.40ms
2022-04-06 12:45:44,2730,286.87ms
2022-04-06 12:45:45,2731,285.90ms
2022-04-06 12:45:46,2732,1312.29ms
2022-04-06 12:45:47,2733,278.96ms
2022-04-06 12:45:48,2734,1271.84ms
2022-04-06 12:45:49,2735,284.71ms
2022-04-06 12:45:50,2736,1303.96ms
2022-04-06 12:45:51,2737,277.18ms
2022-04-06 12:45:52,2738,1280.57ms
2022-04-06 12:45:53,2739,1285.75ms
2022-04-06 12:45:54,2740,279.32ms
2022-04-06 12:45:55,2741,280.18ms
2022-04-06 12:45:57,2743,1298.78ms
2022-04-06 12:45:58,2744,290.66ms
2022-04-06 12:45:59,2745,286.43ms
2022-04-06 12:46:00,2746,301.53ms
2022-04-06 12:46:01,2747,280.22ms
2022-04-06 12:46:02,2748,1293.78ms
2022-04-06 12:46:03,2749,277.12ms
2022-04-06 12:46:04,2750,296.27ms
2022-04-06 12:46:05,2751,290.78ms
2022-04-06 12:46:06,2752,286.95ms
2022-04-06 12:46:08,2754,289.89ms
2022-04-06 12:46:09,2755,287.73ms
2022-04-06 12:46:10,2756,284.15ms
2022-04-06 12:46:11,2757,282.06ms
2022-04-06 12:46:12,2758,1310.16ms
2022-04-06 12:46:13,2759,1292.52ms
2022-04-06 12:46:14,2760,1296.71ms
2022-04-06 12:46:15,2761,287.54ms
2022-04-06 12:46:16,2762,1302.75ms
2022-04-06 12:46:17,2763,279.99ms
2022-04-06 12:46:18,2764,1296.52ms
2022-04-06 12:46:19,2765,1316.17ms
2022-04-06 12:46:21,2767,293.16ms
2022-04-06 12:46:22,2768,299.74ms
2022-04-06 12:46:23,2769,1305.66ms
2022-04-06 12:46:24,2770,285.55ms
2022-04-06 12:46:25,2771,1609.23ms
2022-04-06 12:46:26,2772,281.13ms
2022-04-06 12:46:27,2773,275.18ms
2022-04-06 12:46:28,2774,279.84ms
2022-04-06 12:46:30,2776,1879.99ms
2022-04-06 12:46:31,2777,278.13ms
2022-04-06 12:46:32,2778,293.40ms
2022-04-06 12:46:33,2779,274.10ms
2022-04-06 12:46:34,2780,1291.93ms
2022-04-06 12:46:35,2781,277.36ms
2022-04-06 12:46:36,2782,1273.80ms
2022-04-06 12:46:37,2783,285.14ms
2022-04-06 12:46:38,2784,282.29ms
2022-04-06 12:46:39,2785,1280.38ms
2022-04-06 12:46:40,2786,1287.07ms
2022-04-06 12:46:41,2787,1305.22ms
2022-04-06 12:46:42,2788,1275.46ms
2022-04-06 12:46:44,2790,280.68ms
2022-04-06 12:46:45,2791,1294.05ms
2022-04-06 12:46:46,2792,272.30ms
2022-04-06 12:46:47,2793,295.91ms
2022-04-06 12:46:48,2794,1285.16ms
2022-04-06 12:46:49,2795,1305.16ms
2022-04-06 12:46:51,2797,295.36ms
2022-04-06 12:46:53,2799,1303.69ms
2022-04-06 12:46:54,2800,1395.62ms
2022-04-06 12:46:55,2801,282.92ms
2022-04-06 12:46:56,2802,1290.50ms
2022-04-06 12:46:57,2803,282.87ms
2022-04-06 12:46:58,2804,1279.47ms
2022-04-06 12:46:59,2805,289.11ms
2022-04-06 12:47:00,2806,292.63ms
2022-04-06 12:47:01,2807,289.42ms
2022-04-06 12:47:02,2808,1313.34ms
2022-04-06 12:47:03,2809,294.97ms
2022-04-06 12:47:04,2810,274.65ms
2022-04-06 12:47:05,2811,1671.61ms
2022-04-06 12:47:06,2812,286.83ms
2022-04-06 12:47:07,2813,278.21ms
2022-04-06 12:47:08,2814,288.01ms
2022-04-06 12:47:09,2815,285.68ms
2022-04-06 12:47:10,2816,282.98ms
2022-04-06 12:47:11,2817,279.58ms
2022-04-06 12:47:12,2818,1275.08ms
2022-04-06 12:47:13,2819,294.26ms
2022-04-06 12:47:14,2820,278.39ms
2022-04-06 12:47:15,2821,281.26ms
2022-04-06 12:47:16,2822,1284.31ms
2022-04-06 12:47:17,2823,283.58ms
2022-04-06 12:47:18,2824,269.45ms
2022-04-06 12:47:20,2826,1298.49ms
2022-04-06 12:47:21,2827,284.73ms
2022-04-06 12:47:22,2828,279.12ms
2022-04-06 12:47:23,2829,296.35ms
2022-04-06 12:47:24,2830,286.51ms
2022-04-06 12:47:25,2831,1679.61ms
2022-04-06 12:47:26,2832,1278.75ms
2022-04-06 12:47:27,2833,273.31ms
2022-04-06 12:47:28,2834,290.89ms
2022-04-06 12:47:29,2835,280.60ms
2022-04-06 12:47:30,2836,274.98ms
2022-04-06 12:47:31,2837,273.82ms
2022-04-06 12:47:32,2838,296.59ms
2022-04-06 12:47:33,2839,1305.66ms
2022-04-06 12:47:34,2840,1322.95ms
2022-04-06 12:47:35,2841,1296.57ms
2022-04-06 12:47:36,2842,292.15ms
2022-04-06 12:47:37,2843,286.30ms
2022-04-06 12:47:38,2844,284.50ms
2022-04-06 12:47:39,2845,273.66ms
2022-04-06 12:47:40,2846,1290.00ms
2022-04-06 12:47:41,2847,283.22ms
2022-04-06 12:47:42,2848,281.41ms
2022-04-06 12:47:43,2849,287.87ms
2022-04-06 12:47:44,2850,303.98ms
2022-04-06 12:47:45,2851,276.86ms
2022-04-06 12:47:46,2852,284.91ms
2022-04-06 12:47:47,2853,268.69ms
2022-04-06 12:47:48,2854,1313.66ms
2022-04-06 12:47:49,2855,1298.69ms
2022-04-06 12:47:50,2856,284.87ms
2022-04-06 12:47:51,2857,280.57ms
2022-04-06 12:47:52,2858,283.66ms
2022-04-06 12:47:53,2859,1301.53ms
2022-04-06 12:47:54,2860,1310.11ms
2022-04-06 12:47:55,2861,274.73ms
2022-04-06 12:47:56,2862,1288.82ms
2022-04-06 12:47:57,2863,277.97ms
2022-04-06 12:47:58,2864,288.92ms
2022-04-06 12:47:59,2865,1697.12ms
2022-04-06 12:48:00,2866,1291.79ms
2022-04-06 12:48:01,2867,296.61ms
2022-04-06 12:48:02,2868,1294.45ms
2022-04-06 12:48:03,2869,1282.95ms
2022-04-06 12:48:04,2870,300.06ms
2022-04-06 12:48:05,2871,283.35ms
2022-04-06 12:48:06,2872,296.91ms
2022-04-06 12:48:07,2873,1313.78ms
2022-04-06 12:48:08,2874,290.01ms
2022-04-06 12:48:09,2875,1308.80ms
2022-04-06 12:48:10,2876,274.50ms
2022-04-06 12:48:11,2877,273.03ms
2022-04-06 12:48:12,2878,292.42ms
2022-04-06 12:48:13,2879,280.21ms
2022-04-06 12:48:14,2880,294.55ms
2022-04-06 12:48:15,2881,288.41ms
2022-04-06 12:48:16,2882,283.65ms
2022-04-06 12:48:17,2883,287.71ms
2022-04-06 12:48:18,2884,285.29ms
2022-04-06 12:48:19,2885,1279.80ms
2022-04-06 12:48:20,2886,1297.08ms
2022-04-06 12:48:21,2887,279.32ms
2022-04-06 12:48:22,2888,278.72ms
2022-04-06 12:48:23,2889,280.07ms
2022-04-06 12:48:24,2890,286.03ms
2022-04-06 12:48:25,2891,287.62ms
2022-04-06 12:48:26,2892,277.60ms
2022-04-06 12:48:27,2893,273.57ms
2022-04-06 12:48:28,2894,1304.57ms
2022-04-06 12:48:29,2895,283.04ms
2022-04-06 12:48:30,2896,277.85ms
2022-04-06 12:48:31,2897,1274.34ms
2022-04-06 12:48:32,2898,276.88ms
2022-04-06 12:48:34,2900,293.57ms
2022-04-06 12:48:35,2901,272.28ms
2022-04-06 12:48:36,2902,283.04ms
2022-04-06 12:48:37,2903,277.73ms
2022-04-06 12:48:38,2904,1674.24ms
2022-04-06 12:48:39,2905,273.18ms
2022-04-06 12:48:40,2906,296.42ms
2022-04-06 12:48:41,2907,311.14ms
2022-04-06 12:48:42,2908,297.65ms
2022-04-06 12:48:43,2909,278.59ms
2022-04-06 12:48:44,2910,1492.99ms
2022-04-06 12:48:45,2911,294.00ms
2022-04-06 12:48:46,2912,284.62ms
2022-04-06 12:48:47,2913,268.47ms
2022-04-06 12:48:48,2914,282.18ms
2022-04-06 12:48:49,2915,282.38ms
2022-04-06 12:48:50,2916,1298.52ms
2022-04-06 12:48:51,2917,282.32ms
2022-04-06 12:48:52,2918,1285.81ms
2022-04-06 12:48:53,2919,1291.73ms
2022-04-06 12:48:54,2920,274.60ms
2022-04-06 12:48:55,2921,268.57ms
2022-04-06 12:48:57,2923,302.02ms
2022-04-06 12:48:58,2924,1308.49ms
2022-04-06 12:48:59,2925,287.27ms
2022-04-06 12:49:01,2927,285.68ms
2022-04-06 12:49:02,2928,1299.57ms
2022-04-06 12:49:03,2929,301.60ms
2022-04-06 12:49:04,2930,1283.82ms
2022-04-06 12:49:05,2931,278.42ms
2022-04-06 12:49:06,2932,280.85ms
2022-04-06 12:49:07,2933,280.47ms
2022-04-06 12:49:08,2934,276.21ms
2022-04-06 12:49:09,2935,1280.60ms
2022-04-06 12:49:10,2936,291.98ms
2022-04-06 12:49:11,2937,299.19ms
2022-04-06 12:49:12,2938,1288.35ms
2022-04-06 12:49:13,2939,292.90ms
2022-04-06 12:49:14,2940,295.06ms
2022-04-06 12:49:15,2941,268.30ms
2022-04-06 12:49:16,2942,1327.11ms
2022-04-06 12:49:17,2943,285.05ms
2022-04-06 12:49:18,2944,1293.40ms
2022-04-06 12:49:19,2945,279.71ms
2022-04-06 12:49:20,2946,290.17ms
2022-04-06 12:49:21,2947,1309.87ms
2022-04-06 12:49:22,2948,287.23ms
2022-04-06 12:49:23,2949,278.49ms
2022-04-06 12:49:24,2950,1300.54ms
2022-04-06 12:49:25,2951,1289.28ms
2022-04-06 12:49:26,2952,292.28ms
2022-04-06 12:49:28,2954,288.24ms
2022-04-06 12:49:32,2958,297.46ms
2022-04-06 12:49:33,2959,270.40ms
2022-04-06 12:49:34,2960,291.80ms
2022-04-06 12:49:35,2961,289.97ms
2022-04-06 12:49:36,2962,1314.08ms
2022-04-06 12:49:37,2963,287.71ms
2022-04-06 12:49:38,2964,284.46ms
2022-04-06 12:49:39,2965,284.97ms
2022-04-06 12:49:40,2966,279.35ms
2022-04-06 12:49:41,2967,1293.57ms
2022-04-06 12:49:43,2969,293.17ms
2022-04-06 12:49:44,2970,287.89ms
2022-04-06 12:49:46,2972,283.33ms
2022-04-06 12:49:47,2973,1796.64ms
2022-04-06 12:49:48,2974,280.97ms
2022-04-06 12:49:49,2975,1294.12ms
2022-04-06 12:49:50,2976,294.01ms
2022-04-06 12:49:51,2977,281.14ms
2022-04-06 12:49:52,2978,286.30ms
2022-04-06 12:49:53,2979,285.67ms
2022-04-06 12:49:54,2980,300.66ms
2022-04-06 12:49:55,2981,279.56ms
2022-04-06 12:49:57,2983,292.82ms
2022-04-06 12:49:58,2984,1288.61ms
2022-04-06 12:49:59,2985,1321.96ms
2022-04-06 12:50:00,2986,274.23ms
2022-04-06 12:50:01,2987,275.30ms
2022-04-06 12:50:02,2988,294.73ms
2022-04-06 12:50:03,2989,1297.08ms
2022-04-06 12:50:04,2990,1283.42ms
2022-04-06 12:50:05,2991,284.05ms
2022-04-06 12:50:06,2992,1308.60ms
2022-04-06 12:50:07,2993,285.62ms
2022-04-06 12:50:08,2994,1287.62ms
2022-04-06 12:50:09,2995,271.33ms
2022-04-06 12:50:10,2996,1302.19ms
2022-04-06 12:50:11,2997,280.38ms
2022-04-06 12:50:13,2999,1751.19ms
2022-04-06 12:50:14,3000,1305.80ms
2022-04-06 12:50:15,3001,276.08ms
2022-04-06 12:50:16,3002,1681.70ms
2022-04-06 12:50:17,3003,284.40ms
2022-04-06 12:50:18,3004,1286.58ms
2022-04-06 12:50:19,3005,283.91ms
2022-04-06 12:50:21,3007,1298.58ms
2022-04-06 12:50:22,3008,279.03ms
2022-04-06 12:50:23,3009,281.50ms
2022-04-06 12:50:24,3010,285.68ms
2022-04-06 12:50:26,3012,281.76ms
2022-04-06 12:50:27,3013,1299.87ms
2022-04-06 12:50:28,3014,276.46ms
2022-04-06 12:50:29,3015,289.49ms
2022-04-06 12:50:31,3017,1572.75ms
2022-04-06 12:50:32,3018,274.06ms
2022-04-06 12:50:33,3019,272.98ms
2022-04-06 12:50:34,3020,292.07ms
2022-04-06 12:50:36,3022,269.04ms
2022-04-06 12:50:37,3023,280.00ms
2022-04-06 12:50:38,3024,1282.97ms
2022-04-06 12:50:39,3025,289.22ms
2022-04-06 12:50:40,3026,1310.86ms
2022-04-06 12:50:41,3027,1309.95ms
2022-04-06 12:50:43,3029,281.60ms
2022-04-06 12:50:44,3030,282.12ms
2022-04-06 12:50:45,3031,287.65ms
2022-04-06 12:50:46,3032,287.74ms
2022-04-06 12:50:47,3033,282.79ms
2022-04-06 12:50:48,3034,283.42ms
2022-04-06 12:50:49,3035,289.67ms
2022-04-06 12:50:50,3036,277.89ms
2022-04-06 12:50:51,3037,284.52ms
2022-04-06 12:50:52,3038,277.70ms
2022-04-06 12:50:53,3039,277.11ms
2022-04-06 12:50:54,3040,275.89ms
2022-04-06 12:50:55,3041,1278.56ms
2022-04-06 12:50:56,3042,283.03ms
2022-04-06 12:50:57,3043,1305.70ms
2022-04-06 12:50:58,3044,288.17ms
2022-04-06 12:50:59,3045,1291.66ms
2022-04-06 12:51:00,3046,278.85ms
2022-04-06 12:51:01,3047,1310.73ms
2022-04-06 12:51:02,3048,1300.30ms
2022-04-06 12:51:03,3049,288.63ms
2022-04-06 12:51:04,3050,1315.28ms
2022-04-06 12:51:05,3051,281.24ms
2022-04-06 12:51:06,3052,273.99ms
2022-04-06 12:51:07,3053,287.15ms
2022-04-06 12:51:08,3054,1260.42ms
2022-04-06 12:51:09,3055,1312.20ms
2022-04-06 12:51:10,3056,1362.79ms
2022-04-06 12:51:11,3057,291.11ms
2022-04-06 12:51:12,3058,286.89ms
2022-04-06 12:51:13,3059,278.81ms
2022-04-06 12:51:14,3060,270.65ms
2022-04-06 12:51:15,3061,280.68ms
2022-04-06 12:51:16,3062,269.40ms
2022-04-06 12:51:17,3063,1291.70ms
2022-04-06 12:51:18,3064,1299.85ms
2022-04-06 12:51:19,3065,283.25ms
2022-04-06 12:51:20,3066,292.71ms
2022-04-06 12:51:21,3067,281.34ms
2022-04-06 12:51:22,3068,285.58ms
2022-04-06 12:51:23,3069,285.92ms
2022-04-06 12:51:24,3070,1295.58ms
2022-04-06 12:51:25,3071,1288.03ms
2022-04-06 12:51:26,3072,1306.83ms
2022-04-06 12:51:27,3073,288.95ms
2022-04-06 12:51:28,3074,286.87ms
2022-04-06 12:51:29,3075,284.79ms
2022-04-06 12:51:30,3076,1469.97ms
2022-04-06 12:51:31,3077,284.63ms
2022-04-06 12:51:32,3078,277.52ms
2022-04-06 12:51:33,3079,1279.14ms
2022-04-06 12:51:34,3080,1278.45ms
2022-04-06 12:51:35,3081,1287.18ms
2022-04-06 12:51:36,3082,280.91ms
2022-04-06 12:51:37,3083,282.64ms
2022-04-06 12:51:38,3084,278.31ms
2022-04-06 12:51:39,3085,273.83ms
2022-04-06 12:51:40,3086,1281.61ms
2022-04-06 12:51:41,3087,273.44ms
2022-04-06 12:51:42,3088,291.88ms
2022-04-06 12:51:43,3089,1272.89ms
2022-04-06 12:51:44,3090,284.17ms
2022-04-06 12:51:45,3091,296.20ms
2022-04-06 12:51:47,3093,1293.94ms
2022-04-06 12:51:48,3094,272.52ms
2022-04-06 12:51:49,3095,292.73ms
2022-04-06 12:51:50,3096,279.12ms
2022-04-06 12:51:52,3098,1305.78ms
2022-04-06 12:51:53,3099,294.70ms
2022-04-06 12:51:54,3100,273.82ms
2022-04-06 12:51:55,3101,272.34ms
2022-04-06 12:51:56,3102,292.42ms
2022-04-06 12:51:58,3104,271.61ms
2022-04-06 12:51:59,3105,284.34ms
2022-04-06 12:52:00,3106,282.97ms
2022-04-06 12:52:01,3107,285.18ms
2022-04-06 12:52:02,3108,273.82ms
2022-04-06 12:52:03,3109,1301.37ms
2022-04-06 12:52:04,3110,291.98ms
2022-04-06 12:52:05,3111,273.65ms
2022-04-06 12:52:06,3112,278.26ms
2022-04-06 12:52:07,3113,290.36ms
2022-04-06 12:52:08,3114,284.64ms
2022-04-06 12:52:09,3115,1481.44ms
2022-04-06 12:52:10,3116,1302.51ms
2022-04-06 12:52:11,3117,1278.76ms
2022-04-06 12:52:12,3118,280.61ms
2022-04-06 12:52:13,3119,1299.11ms
2022-04-06 12:52:14,3120,281.49ms
2022-04-06 12:52:15,3121,1292.98ms
2022-04-06 12:52:16,3122,284.90ms
2022-04-06 12:52:17,3123,276.21ms
2022-04-06 12:52:18,3124,1308.26ms
2022-04-06 12:52:19,3125,1571.05ms
2022-04-06 12:52:20,3126,1469.51ms
2022-04-06 12:52:21,3127,1306.73ms
2022-04-06 12:52:22,3128,282.23ms
2022-04-06 12:52:23,3129,282.35ms
2022-04-06 12:52:24,3130,277.79ms
2022-04-06 12:52:25,3131,292.15ms
2022-04-06 12:52:26,3132,1303.54ms
2022-04-06 12:52:27,3133,281.87ms
2022-04-06 12:52:28,3134,277.58ms
2022-04-06 12:52:29,3135,284.90ms
2022-04-06 12:52:30,3136,1282.50ms
2022-04-06 12:52:31,3137,277.90ms
2022-04-06 12:52:32,3138,1288.88ms
2022-04-06 12:52:33,3139,287.14ms
2022-04-06 12:52:34,3140,284.24ms
2022-04-06 12:52:35,3141,290.65ms
2022-04-06 12:52:36,3142,284.33ms
2022-04-06 12:52:37,3143,286.57ms
2022-04-06 12:52:38,3144,266.96ms
2022-04-06 12:52:39,3145,275.37ms
2022-04-06 12:52:40,3146,1266.23ms
2022-04-06 12:52:41,3147,280.28ms
2022-04-06 12:52:42,3148,1289.77ms
2022-04-06 12:52:43,3149,1309.10ms
2022-04-06 12:52:44,3150,1278.84ms
2022-04-06 12:52:45,3151,1602.56ms
2022-04-06 12:52:46,3152,281.52ms
2022-04-06 12:52:47,3153,273.92ms
2022-04-06 12:52:48,3154,280.54ms
2022-04-06 12:52:49,3155,278.07ms
2022-04-06 12:52:50,3156,1485.60ms
2022-04-06 12:52:51,3157,285.93ms
2022-04-06 12:52:52,3158,1311.45ms
2022-04-06 12:52:53,3159,1371.45ms
2022-04-06 12:52:54,3160,1284.55ms
2022-04-06 12:52:55,3161,285.39ms
2022-04-06 12:52:56,3162,1678.21ms
2022-04-06 12:52:57,3163,1609.15ms
2022-04-06 12:52:58,3164,283.07ms
2022-04-06 12:52:59,3165,284.33ms
2022-04-06 12:53:00,3166,283.49ms
2022-04-06 12:53:01,3167,291.74ms
2022-04-06 12:53:02,3168,284.30ms
2022-04-06 12:53:03,3169,274.91ms
2022-04-06 12:53:04,3170,1306.13ms
2022-04-06 12:53:05,3171,285.55ms
2022-04-06 12:53:06,3172,299.75ms
2022-04-06 12:53:07,3173,1285.35ms
2022-04-06 12:53:08,3174,270.42ms
2022-04-06 12:53:09,3175,274.64ms
2022-04-06 12:53:10,3176,304.21ms
2022-04-06 12:53:11,3177,285.42ms
2022-04-06 12:53:12,3178,1307.82ms
2022-04-06 12:53:13,3179,287.17ms
2022-04-06 12:53:14,3180,280.49ms
2022-04-06 12:53:15,3181,284.97ms
2022-04-06 12:53:16,3182,1311.02ms
2022-04-06 12:53:17,3183,269.35ms
2022-04-06 12:53:18,3184,285.32ms
2022-04-06 12:53:19,3185,283.98ms
2022-04-06 12:53:20,3186,1686.81ms
2022-04-06 12:53:21,3187,278.90ms
2022-04-06 12:53:22,3188,1282.72ms
2022-04-06 12:53:23,3189,274.95ms
2022-04-06 12:53:24,3190,1296.10ms
2022-04-06 12:53:25,3191,287.67ms
2022-04-06 12:53:26,3192,280.88ms
2022-04-06 12:53:27,3193,286.87ms
2022-04-06 12:53:28,3194,296.93ms
2022-04-06 12:53:29,3195,283.69ms
2022-04-06 12:53:30,3196,286.84ms
2022-04-06 12:53:31,3197,272.68ms
2022-04-06 12:53:32,3198,272.19ms
2022-04-06 12:53:33,3199,278.55ms
2022-04-06 12:53:34,3200,270.30ms
2022-04-06 12:53:35,3201,275.27ms
2022-04-06 12:53:36,3202,1304.11ms
2022-04-06 12:53:37,3203,1308.11ms
2022-04-06 12:53:38,3204,1690.61ms
2022-04-06 12:53:39,3205,266.71ms
2022-04-06 12:53:40,3206,284.09ms
2022-04-06 12:53:41,3207,294.77ms
2022-04-06 12:53:42,3208,1477.17ms
2022-04-06 12:53:43,3209,269.84ms
2022-04-06 12:53:44,3210,298.44ms
2022-04-06 12:53:45,3211,282.65ms
2022-04-06 12:53:46,3212,272.66ms
2022-04-06 12:53:47,3213,1312.06ms
2022-04-06 12:53:48,3214,299.12ms
2022-04-06 12:53:50,3216,281.87ms
2022-04-06 12:53:51,3217,285.16ms
2022-04-06 12:53:52,3218,291.49ms
2022-04-06 12:53:53,3219,267.76ms
2022-04-06 12:53:54,3220,273.75ms
2022-04-06 12:53:55,3221,275.60ms
2022-04-06 12:53:56,3222,277.43ms
2022-04-06 12:53:57,3223,275.33ms
2022-04-06 12:53:58,3224,278.97ms
2022-04-06 12:53:59,3225,295.81ms
2022-04-06 12:54:01,3227,1489.66ms
2022-04-06 12:54:02,3228,294.18ms
2022-04-06 12:54:03,3229,286.64ms
2022-04-06 12:54:04,3230,1307.08ms
2022-04-06 12:54:05,3231,287.82ms
2022-04-06 12:54:06,3232,291.09ms
2022-04-06 12:54:07,3233,276.30ms
2022-04-06 12:54:08,3234,1678.82ms
2022-04-06 12:54:09,3235,1288.65ms
2022-04-06 12:54:10,3236,301.03ms
2022-04-06 12:54:11,3237,283.68ms
2022-04-06 12:54:12,3238,1287.40ms
2022-04-06 12:54:13,3239,1304.81ms
2022-04-06 12:54:14,3240,284.16ms
2022-04-06 12:54:15,3241,284.97ms
2022-04-06 12:54:16,3242,274.88ms
2022-04-06 12:54:17,3243,282.58ms
2022-04-06 12:54:19,3245,1693.98ms
2022-04-06 12:54:20,3246,278.36ms
2022-04-06 12:54:21,3247,288.14ms
2022-04-06 12:54:22,3248,1299.58ms
2022-04-06 12:54:23,3249,1696.26ms
2022-04-06 12:54:24,3250,277.31ms
2022-04-06 12:54:25,3251,260.85ms
2022-04-06 12:54:26,3252,278.94ms
2022-04-06 12:54:27,3253,283.77ms
2022-04-06 12:54:29,3255,285.63ms
2022-04-06 12:54:30,3256,289.16ms
2022-04-06 12:54:31,3257,1492.72ms
2022-04-06 12:54:32,3258,281.26ms
2022-04-06 12:54:33,3259,1304.11ms
2022-04-06 12:54:34,3260,288.69ms
2022-04-06 12:54:35,3261,298.00ms
2022-04-06 12:54:36,3262,291.41ms
2022-04-06 12:54:39,3265,1287.89ms
2022-04-06 12:54:40,3266,265.76ms
2022-04-06 12:54:41,3267,276.69ms
2022-04-06 12:54:42,3268,1327.02ms
2022-04-06 12:54:43,3269,1305.15ms
2022-04-06 12:54:44,3270,275.82ms
2022-04-06 12:54:45,3271,282.79ms
2022-04-06 12:54:46,3272,288.78ms
2022-04-06 12:54:47,3273,274.37ms
2022-04-06 12:54:48,3274,288.15ms
2022-04-06 12:54:49,3275,274.60ms
2022-04-06 12:54:50,3276,278.11ms
2022-04-06 12:54:51,3277,286.12ms
2022-04-06 12:54:52,3278,1293.68ms
2022-04-06 12:54:53,3279,288.87ms
2022-04-06 12:54:54,3280,282.13ms
2022-04-06 12:54:55,3281,293.12ms
2022-04-06 12:54:56,3282,279.48ms
2022-04-06 12:54:57,3283,1294.35ms
2022-04-06 12:54:58,3284,295.13ms
2022-04-06 12:54:59,3285,280.48ms
2022-04-06 12:55:00,3286,1283.52ms
2022-04-06 12:55:01,3287,1310.11ms
2022-04-06 12:55:02,3288,283.22ms
2022-04-06 12:55:03,3289,275.49ms
2022-04-06 12:55:04,3290,1290.11ms
2022-04-06 12:55:05,3291,277.89ms
2022-04-06 12:55:06,3292,1491.78ms
2022-04-06 12:55:07,3293,304.58ms
2022-04-06 12:55:08,3294,1290.27ms
2022-04-06 12:55:09,3295,271.49ms
2022-04-06 12:55:10,3296,282.97ms
2022-04-06 12:55:11,3297,288.48ms
2022-04-06 12:55:12,3298,274.28ms
2022-04-06 12:55:13,3299,290.12ms
2022-04-06 12:55:14,3300,1271.70ms
2022-04-06 12:55:15,3301,290.76ms
2022-04-06 12:55:16,3302,1299.01ms
2022-04-06 12:55:17,3303,1487.27ms
2022-04-06 12:55:18,3304,286.55ms
2022-04-06 12:55:19,3305,1298.92ms
2022-04-06 12:55:20,3306,1482.70ms
2022-04-06 12:55:21,3307,277.41ms
2022-04-06 12:55:22,3308,293.49ms
2022-04-06 12:55:23,3309,1488.11ms
2022-04-06 12:55:24,3310,1281.10ms
2022-04-06 12:55:25,3311,285.19ms
2022-04-06 12:55:26,3312,283.31ms
2022-04-06 12:55:27,3313,283.73ms
2022-04-06 12:55:28,3314,1291.82ms
2022-04-06 12:55:29,3315,282.80ms
2022-04-06 12:55:30,3316,272.94ms
2022-04-06 12:55:31,3317,279.46ms
2022-04-06 12:55:32,3318,281.28ms
2022-04-06 12:55:33,3319,288.23ms
2022-04-06 12:55:34,3320,293.96ms
2022-04-06 12:55:36,3322,1305.09ms
2022-04-06 12:55:37,3323,1300.55ms
2022-04-06 12:55:38,3324,283.42ms
2022-04-06 12:55:39,3325,287.46ms
2022-04-06 12:55:40,3326,285.63ms
2022-04-06 12:55:41,3327,1309.51ms
2022-04-06 12:55:42,3328,286.91ms
2022-04-06 12:55:43,3329,285.45ms
2022-04-06 12:55:45,3331,282.70ms
2022-04-06 12:55:46,3332,1309.46ms
2022-04-06 12:55:47,3333,1293.22ms
2022-04-06 12:55:48,3334,298.72ms
2022-04-06 12:55:49,3335,297.25ms
2022-04-06 12:55:50,3336,280.21ms
2022-04-06 12:55:51,3337,288.51ms
2022-04-06 12:55:52,3338,284.62ms
2022-04-06 12:55:53,3339,285.09ms
2022-04-06 12:55:54,3340,1305.86ms
2022-04-06 12:55:55,3341,296.57ms
2022-04-06 12:55:56,3342,1480.28ms
2022-04-06 12:55:57,3343,289.65ms
2022-04-06 12:55:58,3344,290.04ms
2022-04-06 12:55:59,3345,1685.16ms
2022-04-06 12:56:00,3346,274.64ms
2022-04-06 12:56:01,3347,302.00ms
2022-04-06 12:56:03,3349,1300.39ms
2022-04-06 12:56:04,3350,298.75ms
2022-04-06 12:56:05,3351,1309.40ms
2022-04-06 12:56:06,3352,1319.14ms
2022-04-06 12:56:07,3353,285.69ms
2022-04-06 12:56:08,3354,1303.75ms
2022-04-06 12:56:09,3355,1310.54ms
2022-04-06 12:56:10,3356,1661.19ms
2022-04-06 12:56:11,3357,285.94ms
2022-04-06 12:56:13,3359,1302.71ms
2022-04-06 12:56:14,3360,1306.93ms
2022-04-06 12:56:15,3361,282.18ms
2022-04-06 12:56:16,3362,1288.92ms
2022-04-06 12:56:17,3363,283.33ms
2022-04-06 12:56:18,3364,1313.63ms
2022-04-06 12:56:19,3365,282.37ms
2022-04-06 12:56:20,3366,285.40ms
2022-04-06 12:56:21,3367,1481.35ms
2022-04-06 12:56:22,3368,1302.82ms
2022-04-06 12:56:23,3369,298.16ms
2022-04-06 12:56:24,3370,1304.07ms
2022-04-06 12:56:25,3371,1317.90ms
2022-04-06 12:56:28,3374,295.80ms
2022-04-06 12:56:29,3375,1374.34ms
2022-04-06 12:56:30,3376,1617.46ms
2022-04-06 12:56:31,3377,280.73ms
2022-04-06 12:56:32,3378,1305.93ms
2022-04-06 12:56:33,3379,283.57ms
2022-04-06 12:56:34,3380,284.97ms
2022-04-06 12:56:35,3381,1292.16ms
2022-04-06 12:56:36,3382,289.33ms
2022-04-06 12:56:37,3383,289.27ms
2022-04-06 12:56:38,3384,1312.26ms
2022-04-06 12:56:39,3385,283.47ms
2022-04-06 12:56:40,3386,1304.90ms
2022-04-06 12:56:43,3389,290.95ms
2022-04-06 12:56:44,3390,290.16ms
2022-04-06 12:56:45,3391,1300.05ms
2022-04-06 12:56:47,3393,1304.48ms
2022-04-06 12:56:48,3394,1297.07ms
2022-04-06 12:56:49,3395,290.96ms
2022-04-06 12:56:50,3396,278.28ms
2022-04-06 12:56:51,3397,303.34ms
2022-04-06 12:56:52,3398,279.38ms
2022-04-06 12:56:56,3402,1285.48ms
2022-04-06 12:56:57,3403,287.36ms
2022-04-06 12:56:58,3404,1281.64ms
2022-04-06 12:56:59,3405,299.02ms
2022-04-06 12:57:00,3406,263.95ms
2022-04-06 12:57:01,3407,1311.93ms
2022-04-06 12:57:02,3408,1314.72ms
2022-04-06 12:57:03,3409,291.79ms
2022-04-06 12:57:04,3410,1284.75ms
2022-04-06 12:57:05,3411,289.98ms
2022-04-06 12:57:07,3413,290.35ms
2022-04-06 12:57:08,3414,1293.70ms
2022-04-06 12:57:09,3415,1299.33ms
2022-04-06 12:57:10,3416,273.25ms
2022-04-06 12:57:11,3417,282.54ms
2022-04-06 12:57:12,3418,281.71ms
2022-04-06 12:57:13,3419,290.31ms
2022-04-06 12:57:14,3420,1395.58ms
2022-04-06 12:57:15,3421,295.81ms
2022-04-06 12:57:16,3422,1282.93ms
2022-04-06 12:57:17,3423,283.99ms
2022-04-06 12:57:18,3424,1300.04ms
2022-04-06 12:57:19,3425,1291.87ms
2022-04-06 12:57:20,3426,302.68ms
2022-04-06 12:57:21,3427,275.72ms
2022-04-06 12:57:22,3428,285.60ms
2022-04-06 12:57:23,3429,295.68ms
2022-04-06 12:57:25,3431,297.74ms
2022-04-06 12:57:26,3432,286.58ms
2022-04-06 12:57:27,3433,1309.35ms
2022-04-06 12:57:28,3434,1321.25ms
2022-04-06 12:57:29,3435,1301.59ms
2022-04-06 12:57:30,3436,283.69ms
2022-04-06 12:57:31,3437,293.27ms
2022-04-06 12:57:32,3438,281.61ms
2022-04-06 12:57:33,3439,292.77ms
2022-04-06 12:57:34,3440,276.60ms
2022-04-06 12:57:36,3442,278.80ms
2022-04-06 12:57:37,3443,282.09ms
2022-04-06 12:57:38,3444,282.72ms
2022-04-06 12:57:39,3445,1284.65ms
2022-04-06 12:57:40,3446,1273.26ms
2022-04-06 12:57:41,3447,271.86ms
2022-04-06 12:57:42,3448,280.71ms
2022-04-06 12:57:43,3449,278.59ms
2022-04-06 12:57:44,3450,282.61ms
2022-04-06 12:57:45,3451,287.59ms
2022-04-06 12:57:46,3452,1308.88ms
2022-04-06 12:57:47,3453,1678.25ms
2022-04-06 12:57:48,3454,1485.05ms
2022-04-06 12:57:49,3455,273.91ms
2022-04-06 12:57:50,3456,282.10ms
2022-04-06 12:57:51,3457,278.76ms
2022-04-06 12:57:52,3458,282.13ms
2022-04-06 12:57:53,3459,2415.38ms
2022-04-06 12:57:54,3460,301.23ms
2022-04-06 12:57:55,3461,285.17ms
2022-04-06 12:57:56,3462,1677.54ms
2022-04-06 12:57:57,3463,1295.36ms
2022-04-06 12:57:58,3464,1324.53ms
2022-04-06 12:57:59,3465,296.37ms
2022-04-06 12:58:00,3466,1387.04ms
2022-04-06 12:58:01,3467,296.05ms
2022-04-06 12:58:02,3468,276.88ms
2022-04-06 12:58:03,3469,291.04ms
2022-04-06 12:58:04,3470,283.90ms
2022-04-06 12:58:05,3471,1307.91ms
2022-04-06 12:58:06,3472,287.98ms
2022-04-06 12:58:07,3473,1302.90ms
2022-04-06 12:58:08,3474,1390.88ms
2022-04-06 12:58:09,3475,281.69ms
2022-04-06 12:58:10,3476,1296.66ms
2022-04-06 12:58:11,3477,279.43ms
2022-04-06 12:58:12,3478,295.08ms
2022-04-06 12:58:13,3479,284.24ms
2022-04-06 12:58:14,3480,291.62ms
2022-04-06 12:58:15,3481,1284.95ms
2022-04-06 12:58:16,3482,1478.47ms
2022-04-06 12:58:17,3483,276.32ms
2022-04-06 12:58:18,3484,303.18ms
2022-04-06 12:58:19,3485,286.00ms
2022-04-06 12:58:20,3486,293.32ms
2022-04-06 12:58:21,3487,1299.26ms
2022-04-06 12:58:23,3489,1282.33ms
2022-04-06 12:58:24,3490,284.61ms
2022-04-06 12:58:25,3491,281.07ms
2022-04-06 12:58:26,3492,290.91ms
2022-04-06 12:58:27,3493,1790.92ms
2022-04-06 12:58:28,3494,278.80ms
2022-04-06 12:58:29,3495,269.08ms
2022-04-06 12:58:30,3496,285.61ms
2022-04-06 12:58:31,3497,277.58ms
2022-04-06 12:58:32,3498,283.34ms
2022-04-06 12:58:33,3499,288.62ms
2022-04-06 12:58:34,3500,285.44ms
2022-04-06 12:58:35,3501,277.32ms
2022-04-06 12:58:37,3503,282.54ms
2022-04-06 12:58:38,3504,278.94ms
2022-04-06 12:58:39,3505,277.82ms
2022-04-06 12:58:40,3506,297.53ms
2022-04-06 12:58:41,3507,292.18ms
2022-04-06 12:58:42,3508,285.38ms
2022-04-06 12:58:44,3510,1290.83ms
2022-04-06 12:58:45,3511,1587.36ms
2022-04-06 12:58:46,3512,1280.09ms
2022-04-06 12:58:48,3514,286.21ms
2022-04-06 12:58:49,3515,278.49ms
2022-04-06 12:58:50,3516,282.40ms
2022-04-06 12:58:51,3517,1304.39ms
2022-04-06 12:58:52,3518,281.66ms
2022-04-06 12:58:53,3519,283.06ms
2022-04-06 12:58:54,3520,288.38ms
2022-04-06 12:58:55,3521,283.42ms
2022-04-06 12:58:56,3522,1701.17ms
2022-04-06 12:58:57,3523,271.43ms
2022-04-06 12:58:58,3524,288.04ms
2022-04-06 12:58:59,3525,1302.70ms
2022-04-06 12:59:00,3526,273.33ms
2022-04-06 12:59:01,3527,288.30ms
2022-04-06 12:59:02,3528,296.97ms
2022-04-06 12:59:03,3529,274.29ms
2022-04-06 12:59:04,3530,273.77ms
2022-04-06 12:59:05,3531,1278.44ms
2022-04-06 12:59:06,3532,272.02ms
2022-04-06 12:59:07,3533,1294.47ms
2022-04-06 12:59:08,3534,282.25ms
2022-04-06 12:59:09,3535,282.48ms
2022-04-06 12:59:10,3536,1313.84ms
2022-04-06 12:59:11,3537,1469.61ms
2022-04-06 12:59:12,3538,289.47ms
2022-04-06 12:59:13,3539,275.05ms
2022-04-06 12:59:14,3540,1296.23ms
2022-04-06 12:59:15,3541,287.87ms
2022-04-06 12:59:16,3542,277.52ms
2022-04-06 12:59:17,3543,1477.39ms
2022-04-06 12:59:18,3544,1316.57ms
2022-04-06 12:59:19,3545,289.06ms
2022-04-06 12:59:20,3546,1301.20ms
2022-04-06 12:59:21,3547,281.49ms
2022-04-06 12:59:22,3548,275.34ms
2022-04-06 12:59:23,3549,287.57ms
2022-04-06 12:59:24,3550,287.17ms
2022-04-06 12:59:25,3551,286.28ms
2022-04-06 12:59:26,3552,288.57ms
2022-04-06 12:59:27,3553,1295.09ms
2022-04-06 12:59:28,3554,1300.95ms
2022-04-06 12:59:29,3555,1286.44ms
2022-04-06 12:59:30,3556,273.73ms
2022-04-06 12:59:31,3557,277.38ms
2022-04-06 12:59:32,3558,282.42ms
2022-04-06 12:59:33,3559,282.54ms
2022-04-06 12:59:34,3560,1281.86ms
2022-04-06 12:59:35,3561,1603.20ms
2022-04-06 12:59:36,3562,269.54ms
2022-04-06 12:59:38,3564,285.52ms
2022-04-06 12:59:39,3565,275.82ms
2022-04-06 12:59:40,3566,280.37ms
2022-04-06 12:59:41,3567,1281.74ms
2022-04-06 12:59:42,3568,283.73ms
2022-04-06 12:59:43,3569,297.08ms
2022-04-06 12:59:44,3570,1318.07ms
2022-04-06 12:59:45,3571,275.97ms
2022-04-06 12:59:46,3572,288.97ms
2022-04-06 12:59:47,3573,278.27ms
2022-04-06 12:59:48,3574,265.18ms
2022-04-06 12:59:49,3575,279.92ms
2022-04-06 12:59:50,3576,274.92ms
2022-04-06 12:59:51,3577,285.48ms
2022-04-06 12:59:52,3578,276.13ms
2022-04-06 12:59:53,3579,1275.18ms
2022-04-06 12:59:54,3580,289.97ms
2022-04-06 12:59:55,3581,1483.23ms
2022-04-06 12:59:56,3582,1288.11ms
2022-04-06 12:59:57,3583,288.27ms
2022-04-06 12:59:58,3584,1294.51ms
2022-04-06 12:59:59,3585,299.89ms
2022-04-06 13:00:00,3586,1310.87ms
2022-04-06 13:00:01,3587,1306.08ms
2022-04-06 13:00:03,3589,298.16ms
2022-04-06 13:00:04,3590,1316.85ms
2022-04-06 13:00:05,3591,289.23ms
2022-04-06 13:00:06,3592,1688.24ms
2022-04-06 13:00:07,3593,278.18ms
2022-04-06 13:00:08,3594,279.05ms
2022-04-06 13:00:09,3595,283.62ms
2022-04-06 13:00:10,3596,1518.12ms
2022-04-06 13:00:12,3598,299.67ms
2022-04-06 13:00:13,3599,282.33ms
2022-04-06 13:00:14,3600,1630.92ms
2022-04-06 13:00:15,3601,284.20ms
2022-04-06 13:00:16,3602,290.80ms
2022-04-06 13:00:17,3603,1289.91ms
2022-04-06 13:00:18,3604,287.49ms
2022-04-06 13:00:19,3605,285.26ms
2022-04-06 13:00:20,3606,289.75ms
2022-04-06 13:00:21,3607,283.65ms
2022-04-06 13:00:22,3608,267.34ms
2022-04-06 13:00:23,3609,292.78ms
2022-04-06 13:00:24,3610,281.40ms
2022-04-06 13:00:25,3611,281.74ms
2022-04-06 13:00:26,3612,273.79ms
2022-04-06 13:00:27,3613,1480.30ms
2022-04-06 13:00:28,3614,286.16ms
2022-04-06 13:00:29,3615,284.62ms
2022-04-06 13:00:30,3616,298.40ms
2022-04-06 13:00:31,3617,1296.45ms
2022-04-06 13:00:32,3618,284.10ms
2022-04-06 13:00:33,3619,288.30ms
2022-04-06 13:00:34,3620,291.88ms
2022-04-06 13:00:36,3622,281.55ms
2022-04-06 13:00:37,3623,290.13ms
2022-04-06 13:00:38,3624,1511.12ms
2022-04-06 13:00:39,3625,1316.91ms
2022-04-06 13:00:40,3626,283.45ms
2022-04-06 13:00:41,3627,275.00ms
2022-04-06 13:00:42,3628,1492.65ms
2022-04-06 13:00:45,3631,1488.52ms
2022-04-06 13:00:46,3632,1285.62ms
2022-04-06 13:00:47,3633,275.14ms
2022-04-06 13:00:48,3634,283.11ms
2022-04-06 13:00:49,3635,1746.73ms
2022-04-06 13:00:50,3636,281.00ms
2022-04-06 13:00:51,3637,270.31ms
2022-04-06 13:00:52,3638,284.21ms
2022-04-06 13:00:53,3639,297.61ms
2022-04-06 13:00:54,3640,291.10ms
2022-04-06 13:00:55,3641,296.33ms
2022-04-06 13:00:56,3642,279.75ms
2022-04-06 13:00:57,3643,290.04ms
2022-04-06 13:00:58,3644,1299.30ms
2022-04-06 13:00:59,3645,1385.27ms
2022-04-06 13:01:00,3646,283.76ms
2022-04-06 13:01:01,3647,1298.82ms
2022-04-06 13:01:02,3648,289.91ms
2022-04-06 13:01:04,3650,279.30ms
2022-04-06 13:01:05,3651,286.62ms
2022-04-06 13:01:06,3652,276.05ms
2022-04-06 13:01:07,3653,1282.92ms
2022-04-06 13:01:08,3654,273.77ms
2022-04-06 13:01:09,3655,293.40ms
2022-04-06 13:01:10,3656,278.82ms
2022-04-06 13:01:12,3658,271.11ms
2022-04-06 13:01:13,3659,290.64ms
2022-04-06 13:01:14,3660,1327.14ms
2022-04-06 13:01:15,3661,279.50ms
2022-04-06 13:01:16,3662,1307.07ms
2022-04-06 13:01:17,3663,287.24ms
2022-04-06 13:01:18,3664,298.57ms
2022-04-06 13:01:19,3665,272.23ms
2022-04-06 13:01:20,3666,279.12ms
2022-04-06 13:01:22,3668,279.32ms
2022-04-06 13:01:23,3669,286.59ms
2022-04-06 13:01:25,3671,278.62ms
2022-04-06 13:01:26,3672,272.65ms
2022-04-06 13:01:27,3673,293.57ms
2022-04-06 13:01:28,3674,1288.75ms
2022-04-06 13:01:29,3675,282.55ms
2022-04-06 13:01:30,3676,1476.93ms
2022-04-06 13:01:31,3677,294.25ms
2022-04-06 13:01:33,3679,276.19ms
2022-04-06 13:01:34,3680,279.31ms
2022-04-06 13:01:35,3681,285.60ms
2022-04-06 13:01:36,3682,1302.44ms
2022-04-06 13:01:37,3683,281.51ms
2022-04-06 13:01:39,3685,283.79ms
2022-04-06 13:01:40,3686,284.39ms
2022-04-06 13:01:42,3688,288.20ms
2022-04-06 13:01:43,3689,282.05ms
2022-04-06 13:01:44,3690,283.40ms
2022-04-06 13:01:45,3691,1302.46ms
2022-04-06 13:01:46,3692,287.22ms
2022-04-06 13:01:47,3693,1305.50ms
2022-04-06 13:01:48,3694,274.95ms
2022-04-06 13:01:49,3695,1308.43ms
2022-04-06 13:01:50,3696,282.16ms
2022-04-06 13:01:51,3697,286.76ms
2022-04-06 13:01:52,3698,283.19ms
2022-04-06 13:01:53,3699,283.63ms
2022-04-06 13:01:54,3700,292.12ms
2022-04-06 13:01:56,3702,281.31ms
2022-04-06 13:01:57,3703,268.45ms
2022-04-06 13:01:58,3704,1309.20ms
2022-04-06 13:01:59,3705,273.53ms
2022-04-06 13:02:00,3706,274.40ms
2022-04-06 13:02:01,3707,1684.08ms
2022-04-06 13:02:02,3708,288.89ms
2022-04-06 13:02:03,3709,301.85ms
2022-04-06 13:02:04,3710,1681.24ms
2022-04-06 13:02:05,3711,1310.98ms
2022-04-06 13:02:06,3712,291.33ms
2022-04-06 13:02:07,3713,288.29ms
2022-04-06 13:02:08,3714,285.29ms
2022-04-06 13:02:09,3715,285.54ms
2022-04-06 13:02:10,3716,288.85ms
2022-04-06 13:02:11,3717,1328.53ms
2022-04-06 13:02:12,3718,279.06ms
2022-04-06 13:02:13,3719,1283.04ms
2022-04-06 13:02:14,3720,282.68ms
2022-04-06 13:02:15,3721,302.56ms
2022-04-06 13:02:16,3722,1282.14ms
2022-04-06 13:02:17,3723,301.03ms
2022-04-06 13:02:18,3724,1284.11ms
2022-04-06 13:02:19,3725,283.90ms
2022-04-06 13:02:20,3726,276.44ms
2022-04-06 13:02:21,3727,278.83ms
2022-04-06 13:02:22,3728,1309.97ms
2022-04-06 13:02:23,3729,297.81ms
2022-04-06 13:02:24,3730,271.62ms
2022-04-06 13:02:25,3731,288.75ms
2022-04-06 13:02:26,3732,283.21ms
2022-04-06 13:02:27,3733,1296.60ms
2022-04-06 13:02:28,3734,278.04ms
2022-04-06 13:02:29,3735,290.59ms
2022-04-06 13:02:30,3736,276.61ms
2022-04-06 13:02:31,3737,1295.29ms
2022-04-06 13:02:32,3738,282.78ms
2022-04-06 13:02:33,3739,281.21ms
2022-04-06 13:02:34,3740,292.28ms
2022-04-06 13:02:35,3741,296.96ms
2022-04-06 13:02:36,3742,1286.78ms
2022-04-06 13:02:37,3743,1408.26ms
2022-04-06 13:02:38,3744,1483.92ms
2022-04-06 13:02:39,3745,267.62ms
2022-04-06 13:02:41,3747,286.35ms
2022-04-06 13:02:42,3748,286.94ms
2022-04-06 13:02:43,3749,1515.43ms
2022-04-06 13:02:44,3750,1292.88ms
2022-04-06 13:02:46,3752,274.15ms
2022-04-06 13:02:47,3753,277.95ms
2022-04-06 13:02:48,3754,283.48ms
2022-04-06 13:02:49,3755,1305.02ms
2022-04-06 13:02:50,3756,291.46ms
2022-04-06 13:02:51,3757,287.55ms
2022-04-06 13:02:52,3758,275.23ms
2022-04-06 13:02:53,3759,1308.42ms
2022-04-06 13:02:54,3760,286.72ms
2022-04-06 13:02:55,3761,281.90ms
2022-04-06 13:02:56,3762,282.96ms
2022-04-06 13:02:57,3763,293.23ms
2022-04-06 13:02:58,3764,282.33ms
2022-04-06 13:03:00,3766,295.72ms
2022-04-06 13:03:01,3767,284.82ms
2022-04-06 13:03:02,3768,1297.20ms
2022-04-06 13:03:03,3769,1279.89ms
2022-04-06 13:03:04,3770,1295.44ms
2022-04-06 13:03:05,3771,283.86ms
2022-04-06 13:03:06,3772,1295.98ms
2022-04-06 13:03:07,3773,1289.50ms
2022-04-06 13:03:08,3774,1319.92ms
2022-04-06 13:03:09,3775,1472.35ms
2022-04-06 13:03:10,3776,286.75ms
2022-04-06 13:03:11,3777,1299.56ms
2022-04-06 13:03:12,3778,1299.77ms
2022-04-06 13:03:13,3779,284.41ms
2022-04-06 13:03:14,3780,1295.92ms
2022-04-06 13:03:15,3781,303.18ms
2022-04-06 13:03:16,3782,291.67ms
2022-04-06 13:03:17,3783,300.89ms
2022-04-06 13:03:18,3784,1300.89ms
2022-04-06 13:03:19,3785,1303.14ms
2022-04-06 13:03:20,3786,1307.11ms
2022-04-06 13:03:21,3787,1286.52ms
2022-04-06 13:03:22,3788,283.61ms
2022-04-06 13:03:23,3789,1308.08ms
2022-04-06 13:03:25,3791,1681.60ms
2022-04-06 13:03:26,3792,290.47ms
2022-04-06 13:03:27,3793,295.68ms
2022-04-06 13:03:28,3794,1268.74ms
2022-04-06 13:03:29,3795,299.25ms
2022-04-06 13:03:30,3796,283.80ms
2022-04-06 13:03:31,3797,1304.45ms
2022-04-06 13:03:32,3798,286.41ms
2022-04-06 13:03:33,3799,290.41ms
2022-04-06 13:03:34,3800,288.73ms
2022-04-06 13:03:35,3801,274.57ms
2022-04-06 13:03:36,3802,295.38ms
2022-04-06 13:03:37,3803,275.66ms
2022-04-06 13:03:38,3804,295.05ms
2022-04-06 13:03:39,3805,289.34ms
2022-04-06 13:03:40,3806,280.16ms
2022-04-06 13:03:41,3807,283.90ms
2022-04-06 13:03:42,3808,1313.80ms
2022-04-06 13:03:43,3809,1301.00ms
2022-04-06 13:03:44,3810,283.86ms
2022-04-06 13:03:45,3811,271.49ms
2022-04-06 13:03:46,3812,1322.42ms
2022-04-06 13:03:47,3813,296.03ms
2022-04-06 13:03:48,3814,298.46ms
2022-04-06 13:03:49,3815,1288.30ms
2022-04-06 13:03:50,3816,1325.21ms
2022-04-06 13:03:51,3817,289.26ms
2022-04-06 13:03:52,3818,286.85ms
2022-04-06 13:03:53,3819,288.46ms
2022-04-06 13:03:54,3820,1314.21ms
2022-04-06 13:03:57,3823,1301.32ms
2022-04-06 13:03:58,3824,1298.77ms
2022-04-06 13:03:59,3825,289.52ms
2022-04-06 13:04:00,3826,308.10ms
2022-04-06 13:04:01,3827,1306.09ms
2022-04-06 13:04:02,3828,1689.14ms
2022-04-06 13:04:03,3829,310.92ms
2022-04-06 13:04:04,3830,279.61ms
2022-04-06 13:04:05,3831,1272.40ms
2022-04-06 13:04:06,3832,287.35ms
2022-04-06 13:04:07,3833,282.06ms
2022-04-06 13:04:08,3834,292.01ms
2022-04-06 13:04:09,3835,302.02ms
2022-04-06 13:04:10,3836,282.83ms
2022-04-06 13:04:11,3837,293.60ms
2022-04-06 13:04:12,3838,291.19ms
2022-04-06 13:04:13,3839,1329.71ms
2022-04-06 13:04:14,3840,1300.59ms
2022-04-06 13:04:15,3841,1311.40ms
2022-04-06 13:04:16,3842,1310.40ms
2022-04-06 13:04:17,3843,298.97ms
2022-04-06 13:04:18,3844,1294.35ms
2022-04-06 13:04:19,3845,285.16ms
2022-04-06 13:04:20,3846,293.48ms
2022-04-06 13:04:21,3847,1316.09ms
2022-04-06 13:04:22,3848,305.54ms
2022-04-06 13:04:23,3849,1295.08ms
2022-04-06 13:04:24,3850,1702.26ms
2022-04-06 13:04:25,3851,278.14ms
2022-04-06 13:04:26,3852,1282.56ms
2022-04-06 13:04:27,3853,285.09ms
2022-04-06 13:04:28,3854,1323.41ms
2022-04-06 13:04:29,3855,1313.64ms
2022-04-06 13:04:30,3856,1290.52ms
2022-04-06 13:04:31,3857,279.93ms
2022-04-06 13:04:33,3859,285.45ms
2022-04-06 13:04:34,3860,284.03ms
2022-04-06 13:04:35,3861,280.99ms
2022-04-06 13:04:36,3862,285.51ms
2022-04-06 13:04:37,3863,279.42ms
2022-04-06 13:04:38,3864,283.95ms
2022-04-06 13:04:39,3865,289.46ms
2022-04-06 13:04:40,3866,1311.83ms
2022-04-06 13:04:41,3867,280.14ms
2022-04-06 13:04:42,3868,1288.68ms
2022-04-06 13:04:43,3869,289.19ms
2022-04-06 13:04:44,3870,272.22ms
2022-04-06 13:04:45,3871,278.67ms
2022-04-06 13:04:46,3872,289.22ms
2022-04-06 13:04:47,3873,273.67ms
2022-04-06 13:04:48,3874,295.83ms
2022-04-06 13:04:49,3875,275.09ms
2022-04-06 13:04:50,3876,285.20ms
2022-04-06 13:04:51,3877,1289.39ms
2022-04-06 13:04:52,3878,1303.98ms
2022-04-06 13:04:53,3879,282.19ms
2022-04-06 13:04:54,3880,290.96ms
2022-04-06 13:04:55,3881,280.48ms
2022-04-06 13:04:56,3882,1278.57ms
2022-04-06 13:04:57,3883,294.12ms
2022-04-06 13:04:58,3884,277.04ms
2022-04-06 13:04:59,3885,1317.10ms
2022-04-06 13:05:00,3886,1298.15ms
2022-04-06 13:05:01,3887,286.73ms
2022-04-06 13:05:02,3888,1284.10ms
2022-04-06 13:05:03,3889,280.64ms
2022-04-06 13:05:04,3890,274.40ms
2022-04-06 13:05:05,3891,1294.19ms
2022-04-06 13:05:07,3893,291.58ms
2022-04-06 13:05:08,3894,285.51ms
2022-04-06 13:05:09,3895,1296.20ms
2022-04-06 13:05:10,3896,298.84ms
2022-04-06 13:05:11,3897,278.51ms
2022-04-06 13:05:13,3899,276.27ms
2022-04-06 13:05:14,3900,279.13ms
2022-04-06 13:05:15,3901,289.16ms
2022-04-06 13:05:17,3903,275.08ms
2022-04-06 13:05:19,3905,280.57ms
2022-04-06 13:05:20,3906,282.37ms
2022-04-06 13:05:21,3907,277.11ms
2022-04-06 13:05:22,3908,284.92ms
2022-04-06 13:05:23,3909,302.43ms
2022-04-06 13:05:24,3910,277.65ms
2022-04-06 13:05:25,3911,288.15ms
2022-04-06 13:05:26,3912,1317.60ms
2022-04-06 13:05:27,3913,1311.12ms
2022-04-06 13:05:28,3914,281.99ms
2022-04-06 13:05:29,3915,292.64ms
2022-04-06 13:05:30,3916,289.47ms
2022-04-06 13:05:31,3917,288.85ms
2022-04-06 13:05:32,3918,1284.60ms
2022-04-06 13:05:33,3919,278.67ms
2022-04-06 13:05:34,3920,1272.21ms
2022-04-06 13:05:35,3921,1287.82ms
2022-04-06 13:05:36,3922,293.05ms
2022-04-06 13:05:37,3923,1297.98ms
2022-04-06 13:05:38,3924,269.47ms
2022-04-06 13:05:39,3925,297.86ms
2022-04-06 13:05:40,3926,278.08ms
2022-04-06 13:05:41,3927,273.52ms
2022-04-06 13:05:42,3928,293.41ms
2022-04-06 13:05:43,3929,280.90ms
2022-04-06 13:05:44,3930,280.10ms
2022-04-06 13:05:45,3931,291.01ms
2022-04-06 13:05:46,3932,271.10ms
2022-04-06 13:05:47,3933,1294.54ms
2022-04-06 13:05:48,3934,1309.69ms
2022-04-06 13:05:49,3935,276.29ms
2022-04-06 13:05:50,3936,284.47ms
2022-04-06 13:05:51,3937,288.74ms
2022-04-06 13:05:52,3938,299.65ms
2022-04-06 13:05:53,3939,1296.46ms
2022-04-06 13:05:54,3940,284.57ms
2022-04-06 13:05:55,3941,266.87ms
2022-04-06 13:05:57,3943,298.98ms
2022-04-06 13:05:58,3944,280.25ms
2022-04-06 13:05:59,3945,1508.08ms
2022-04-06 13:06:00,3946,280.36ms
2022-04-06 13:06:01,3947,290.46ms
2022-04-06 13:06:02,3948,278.37ms
2022-04-06 13:06:03,3949,1282.16ms
2022-04-06 13:06:04,3950,281.69ms
2022-04-06 13:06:05,3951,287.45ms
2022-04-06 13:06:06,3952,291.81ms
2022-04-06 13:06:07,3953,280.56ms
2022-04-06 13:06:08,3954,1288.81ms
2022-04-06 13:06:09,3955,279.85ms
2022-04-06 13:06:10,3956,278.22ms
2022-04-06 13:06:11,3957,273.93ms
2022-04-06 13:06:12,3958,279.03ms
2022-04-06 13:06:13,3959,1311.90ms
2022-04-06 13:06:14,3960,281.23ms
2022-04-06 13:06:15,3961,1309.30ms
2022-04-06 13:06:16,3962,1293.25ms
2022-04-06 13:06:17,3963,292.41ms
2022-04-06 13:06:18,3964,279.30ms
2022-04-06 13:06:19,3965,283.58ms
2022-04-06 13:06:20,3966,281.67ms
2022-04-06 13:06:21,3967,281.30ms
2022-04-06 13:06:22,3968,276.06ms
2022-04-06 13:06:23,3969,278.22ms
2022-04-06 13:06:24,3970,278.13ms
2022-04-06 13:06:25,3971,288.68ms
2022-04-06 13:06:26,3972,1280.82ms
2022-04-06 13:06:27,3973,280.24ms
2022-04-06 13:06:28,3974,1300.55ms
2022-04-06 13:06:29,3975,277.91ms
2022-04-06 13:06:30,3976,280.14ms
2022-04-06 13:06:31,3977,291.02ms
2022-04-06 13:06:32,3978,289.86ms
2022-04-06 13:06:33,3979,308.72ms
2022-04-06 13:06:34,3980,264.30ms
2022-04-06 13:06:36,3982,277.03ms
2022-04-06 13:06:37,3983,293.97ms
2022-04-06 13:06:38,3984,1287.21ms
2022-04-06 13:06:39,3985,1291.45ms
2022-04-06 13:06:40,3986,276.15ms
2022-04-06 13:06:41,3987,291.95ms
2022-04-06 13:06:42,3988,293.17ms
2022-04-06 13:06:43,3989,1489.66ms
2022-04-06 13:06:44,3990,298.59ms
2022-04-06 13:06:45,3991,1296.02ms
2022-04-06 13:06:46,3992,286.30ms
2022-04-06 13:06:47,3993,279.06ms
2022-04-06 13:06:48,3994,286.14ms
2022-04-06 13:06:50,3996,272.89ms
2022-04-06 13:06:51,3997,1278.08ms
2022-04-06 13:06:52,3998,283.41ms
2022-04-06 13:06:53,3999,1661.11ms
2022-04-06 13:06:54,4000,1312.28ms
2022-04-06 13:06:55,4001,1311.68ms
2022-04-06 13:06:56,4002,1293.22ms
2022-04-06 13:06:57,4003,280.92ms
2022-04-06 13:06:58,4004,289.82ms
2022-04-06 13:06:59,4005,1316.25ms
2022-04-06 13:07:00,4006,1323.90ms
2022-04-06 13:07:01,4007,1299.31ms
2022-04-06 13:07:02,4008,283.49ms
2022-04-06 13:07:03,4009,272.97ms
2022-04-06 13:07:04,4010,1312.84ms
2022-04-06 13:07:05,4011,275.83ms
2022-04-06 13:07:06,4012,1279.72ms
2022-04-06 13:07:07,4013,280.14ms
2022-04-06 13:07:08,4014,292.55ms
2022-04-06 13:07:09,4015,286.63ms
2022-04-06 13:07:10,4016,1309.24ms
2022-04-06 13:07:11,4017,293.95ms
2022-04-06 13:07:12,4018,292.15ms
2022-04-06 13:07:13,4019,1288.92ms
2022-04-06 13:07:14,4020,274.32ms
2022-04-06 13:07:15,4021,271.03ms
2022-04-06 13:07:16,4022,279.70ms
2022-04-06 13:07:17,4023,277.47ms
2022-04-06 13:07:18,4024,264.61ms
2022-04-06 13:07:19,4025,291.48ms
2022-04-06 13:07:20,4026,285.76ms
2022-04-06 13:07:21,4027,1285.22ms
2022-04-06 13:07:22,4028,285.33ms
2022-04-06 13:07:23,4029,279.33ms
2022-04-06 13:07:24,4030,276.67ms
2022-04-06 13:07:25,4031,1306.24ms
2022-04-06 13:07:26,4032,1486.78ms
2022-04-06 13:07:27,4033,288.30ms
2022-04-06 13:07:28,4034,1302.82ms
2022-04-06 13:07:29,4035,1406.71ms
2022-04-06 13:07:30,4036,290.04ms
2022-04-06 13:07:31,4037,1308.35ms
2022-04-06 13:07:32,4038,291.07ms
2022-04-06 13:07:33,4039,1311.70ms
2022-04-06 13:07:34,4040,1310.70ms
2022-04-06 13:07:35,4041,1300.97ms
2022-04-06 13:07:36,4042,291.73ms
2022-04-06 13:07:37,4043,280.68ms
2022-04-06 13:07:38,4044,280.78ms
2022-04-06 13:07:39,4045,1292.75ms
2022-04-06 13:07:41,4047,1290.33ms
2022-04-06 13:07:42,4048,289.02ms
2022-04-06 13:07:43,4049,303.65ms
2022-04-06 13:07:44,4050,277.22ms
2022-04-06 13:07:45,4051,1301.36ms
2022-04-06 13:07:46,4052,1300.49ms
2022-04-06 13:07:47,4053,272.77ms
2022-04-06 13:07:48,4054,1271.85ms
2022-04-06 13:07:49,4055,282.40ms
2022-04-06 13:07:50,4056,299.37ms
2022-04-06 13:07:51,4057,1287.26ms
2022-04-06 13:07:52,4058,1603.25ms
2022-04-06 13:07:54,4060,296.56ms
2022-04-06 13:07:55,4061,291.02ms
2022-04-06 13:07:56,4062,287.42ms
2022-04-06 13:07:57,4063,1479.58ms
2022-04-06 13:07:58,4064,274.55ms
2022-04-06 13:07:59,4065,282.12ms
2022-04-06 13:08:01,4067,278.55ms
2022-04-06 13:08:02,4068,280.46ms
2022-04-06 13:08:03,4069,300.27ms
2022-04-06 13:08:04,4070,1314.38ms
2022-04-06 13:08:05,4071,292.50ms
2022-04-06 13:08:06,4072,289.28ms
2022-04-06 13:08:07,4073,283.96ms
2022-04-06 13:08:08,4074,1479.19ms
2022-04-06 13:08:09,4075,1297.93ms
2022-04-06 13:08:10,4076,1306.53ms
2022-04-06 13:08:11,4077,275.17ms
2022-04-06 13:08:13,4079,1317.44ms
2022-04-06 13:08:14,4080,1274.76ms
2022-04-06 13:08:16,4082,1326.83ms
2022-04-06 13:08:17,4083,1326.66ms
2022-04-06 13:08:18,4084,1279.37ms
2022-04-06 13:08:20,4086,285.39ms
2022-04-06 13:08:21,4087,276.43ms
2022-04-06 13:08:22,4088,1309.19ms
2022-04-06 13:08:23,4089,297.71ms
2022-04-06 13:08:24,4090,285.34ms
2022-04-06 13:08:25,4091,1284.24ms
2022-04-06 13:08:26,4092,281.87ms
2022-04-06 13:08:27,4093,285.90ms
2022-04-06 13:08:28,4094,277.15ms
2022-04-06 13:08:29,4095,1285.90ms
2022-04-06 13:08:30,4096,282.21ms
2022-04-06 13:08:31,4097,294.34ms
2022-04-06 13:08:32,4098,288.85ms
2022-04-06 13:08:33,4099,1297.94ms
2022-04-06 13:08:34,4100,283.62ms
2022-04-06 13:08:35,4101,276.70ms
2022-04-06 13:08:36,4102,1303.50ms
2022-04-06 13:08:37,4103,1574.53ms
2022-04-06 13:08:38,4104,287.56ms
2022-04-06 13:08:39,4105,296.31ms
2022-04-06 13:08:40,4106,273.87ms
2022-04-06 13:08:42,4108,1502.28ms
2022-04-06 13:08:43,4109,286.99ms
2022-04-06 13:08:44,4110,1300.19ms
2022-04-06 13:08:45,4111,271.36ms
2022-04-06 13:08:46,4112,296.08ms
2022-04-06 13:08:48,4114,285.74ms
2022-04-06 13:08:49,4115,294.50ms
2022-04-06 13:08:50,4116,286.18ms
2022-04-06 13:08:51,4117,287.35ms
2022-04-06 13:08:52,4118,296.90ms
2022-04-06 13:08:53,4119,287.83ms
2022-04-06 13:08:54,4120,294.43ms
2022-04-06 13:08:55,4121,1284.71ms
2022-04-06 13:08:56,4122,301.05ms
2022-04-06 13:08:57,4123,277.74ms
2022-04-06 13:08:58,4124,289.35ms
2022-04-06 13:08:59,4125,285.28ms
2022-04-06 13:09:00,4126,290.44ms
2022-04-06 13:09:01,4127,289.28ms
2022-04-06 13:09:02,4128,285.00ms
2022-04-06 13:09:03,4129,1289.83ms
2022-04-06 13:09:04,4130,297.97ms
2022-04-06 13:09:05,4131,287.20ms
2022-04-06 13:09:06,4132,281.85ms
2022-04-06 13:09:07,4133,280.26ms
2022-04-06 13:09:09,4135,282.07ms
2022-04-06 13:09:11,4137,1308.13ms
2022-04-06 13:09:12,4138,292.09ms
2022-04-06 13:09:13,4139,275.96ms
2022-04-06 13:09:14,4140,284.49ms
2022-04-06 13:09:15,4141,278.92ms
2022-04-06 13:09:16,4142,288.41ms
2022-04-06 13:09:17,4143,1287.07ms
2022-04-06 13:09:18,4144,289.13ms
2022-04-06 13:09:19,4145,278.83ms
2022-04-06 13:09:20,4146,1318.03ms
2022-04-06 13:09:21,4147,282.80ms
2022-04-06 13:09:22,4148,1291.82ms
2022-04-06 13:09:23,4149,1274.19ms
2022-04-06 13:09:25,4151,286.62ms
2022-04-06 13:09:26,4152,294.52ms
2022-04-06 13:09:27,4153,1699.49ms
2022-04-06 13:09:29,4155,1284.59ms
2022-04-06 13:09:30,4156,274.62ms
2022-04-06 13:09:31,4157,1295.24ms
2022-04-06 13:09:32,4158,291.52ms
2022-04-06 13:09:33,4159,292.21ms
2022-04-06 13:09:34,4160,1671.26ms
2022-04-06 13:09:35,4161,298.06ms
2022-04-06 13:09:36,4162,315.84ms
2022-04-06 13:09:39,4165,303.22ms
2022-04-06 13:09:40,4166,305.61ms
2022-04-06 13:09:41,4167,1327.43ms
2022-04-06 13:09:42,4168,1330.29ms
2022-04-06 13:09:43,4169,292.65ms
2022-04-06 13:09:44,4170,1325.64ms
2022-04-06 13:09:45,4171,297.67ms
2022-04-06 13:09:46,4172,285.40ms
2022-04-06 13:09:48,4174,302.09ms
2022-04-06 13:09:49,4175,306.55ms
2022-04-06 13:09:50,4176,1705.17ms
2022-04-06 13:09:51,4177,1300.39ms
2022-04-06 13:09:52,4178,1301.68ms
2022-04-06 13:09:53,4179,307.56ms
2022-04-06 13:09:54,4180,314.33ms
2022-04-06 13:09:55,4181,318.04ms
2022-04-06 13:09:56,4182,316.25ms
2022-04-06 13:09:57,4183,300.95ms
2022-04-06 13:09:58,4184,1311.38ms
2022-04-06 13:09:59,4185,300.59ms
2022-04-06 13:10:00,4186,306.16ms
2022-04-06 13:10:01,4187,310.91ms
2022-04-06 13:10:02,4188,1306.40ms
2022-04-06 13:10:03,4189,291.72ms
2022-04-06 13:10:04,4190,314.07ms
2022-04-06 13:10:05,4191,278.38ms
2022-04-06 13:10:06,4192,295.26ms
2022-04-06 13:10:07,4193,1320.04ms
2022-04-06 13:10:08,4194,264.21ms
2022-04-06 13:10:09,4195,296.46ms
2022-04-06 13:10:10,4196,284.74ms
2022-04-06 13:10:11,4197,282.90ms
2022-04-06 13:10:12,4198,296.36ms
2022-04-06 13:10:13,4199,1291.14ms
2022-04-06 13:10:14,4200,1316.32ms
2022-04-06 13:10:15,4201,1301.81ms
2022-04-06 13:10:16,4202,286.71ms
2022-04-06 13:10:17,4203,285.49ms
2022-04-06 13:10:18,4204,1476.47ms
2022-04-06 13:10:19,4205,282.65ms
2022-04-06 13:10:20,4206,289.38ms
2022-04-06 13:10:21,4207,301.50ms
2022-04-06 13:10:22,4208,287.52ms
2022-04-06 13:10:23,4209,285.45ms
2022-04-06 13:10:25,4211,293.17ms
2022-04-06 13:10:26,4212,284.40ms
2022-04-06 13:10:27,4213,280.29ms
2022-04-06 13:10:28,4214,291.57ms
2022-04-06 13:10:29,4215,279.23ms
2022-04-06 13:10:30,4216,283.70ms
2022-04-06 13:10:32,4218,1295.99ms
2022-04-06 13:10:33,4219,1296.63ms
2022-04-06 13:10:34,4220,1299.87ms
2022-04-06 13:10:35,4221,276.29ms
2022-04-06 13:10:36,4222,280.98ms
2022-04-06 13:10:37,4223,294.26ms
2022-04-06 13:10:38,4224,284.13ms
2022-04-06 13:10:39,4225,279.52ms
2022-04-06 13:10:40,4226,296.04ms
2022-04-06 13:10:41,4227,278.39ms
2022-04-06 13:10:42,4228,278.73ms
2022-04-06 13:10:43,4229,295.02ms
2022-04-06 13:10:44,4230,276.12ms
2022-04-06 13:10:45,4231,284.39ms
2022-04-06 13:10:46,4232,277.62ms
2022-04-06 13:10:47,4233,294.44ms
2022-04-06 13:10:48,4234,1295.24ms
2022-04-06 13:10:49,4235,273.89ms
2022-04-06 13:10:50,4236,1310.69ms
2022-04-06 13:10:51,4237,281.22ms
2022-04-06 13:10:52,4238,290.77ms
2022-04-06 13:10:53,4239,286.17ms
2022-04-06 13:10:54,4240,272.64ms
2022-04-06 13:10:55,4241,1296.15ms
2022-04-06 13:10:56,4242,282.28ms
2022-04-06 13:10:57,4243,1283.01ms
2022-04-06 13:10:59,4245,1612.15ms
2022-04-06 13:11:00,4246,272.33ms
2022-04-06 13:11:01,4247,294.98ms
2022-04-06 13:11:02,4248,1302.80ms
2022-04-06 13:11:03,4249,293.35ms
2022-04-06 13:11:04,4250,290.82ms
2022-04-06 13:11:05,4251,267.35ms
2022-04-06 13:11:06,4252,291.16ms
2022-04-06 13:11:07,4253,275.60ms
2022-04-06 13:11:08,4254,1295.65ms
2022-04-06 13:11:09,4255,1283.88ms
2022-04-06 13:11:10,4256,282.90ms
2022-04-06 13:11:11,4257,279.19ms
2022-04-06 13:11:12,4258,1314.06ms
2022-04-06 13:11:13,4259,1321.30ms
2022-04-06 13:11:14,4260,280.01ms
2022-04-06 13:11:15,4261,266.24ms
2022-04-06 13:11:16,4262,278.13ms
2022-04-06 13:11:17,4263,284.34ms
2022-04-06 13:11:18,4264,1284.78ms
2022-04-06 13:11:19,4265,1289.43ms
2022-04-06 13:11:20,4266,279.33ms
2022-04-06 13:11:21,4267,278.25ms
2022-04-06 13:11:22,4268,278.29ms
2022-04-06 13:11:23,4269,1321.99ms
2022-04-06 13:11:24,4270,293.90ms
2022-04-06 13:11:25,4271,282.33ms
2022-04-06 13:11:26,4272,1267.64ms
2022-04-06 13:11:27,4273,293.97ms
2022-04-06 13:11:28,4274,279.58ms
2022-04-06 13:11:30,4276,278.30ms
2022-04-06 13:11:31,4277,1325.99ms
2022-04-06 13:11:32,4278,278.19ms
2022-04-06 13:11:33,4279,1485.69ms
2022-04-06 13:11:34,4280,305.97ms
2022-04-06 13:11:35,4281,297.28ms
2022-04-06 13:11:36,4282,1684.81ms
2022-04-06 13:11:37,4283,284.07ms
2022-04-06 13:11:39,4285,293.22ms
2022-04-06 13:11:40,4286,1282.70ms
2022-04-06 13:11:41,4287,290.93ms
2022-04-06 13:11:43,4289,272.17ms
2022-04-06 13:11:44,4290,270.63ms
2022-04-06 13:11:45,4291,1290.94ms
2022-04-06 13:11:46,4292,290.18ms
2022-04-06 13:11:47,4293,1300.74ms
2022-04-06 13:11:48,4294,1296.60ms
2022-04-06 13:11:49,4295,1297.02ms
2022-04-06 13:11:50,4296,285.50ms
2022-04-06 13:11:51,4297,293.29ms
2022-04-06 13:11:52,4298,295.35ms
2022-04-06 13:11:53,4299,289.93ms
2022-04-06 13:11:54,4300,282.87ms
2022-04-06 13:11:55,4301,1305.56ms
2022-04-06 13:11:56,4302,1689.16ms
2022-04-06 13:11:57,4303,1284.19ms
2022-04-06 13:11:58,4304,286.17ms
2022-04-06 13:11:59,4305,292.35ms
2022-04-06 13:12:00,4306,1479.18ms
2022-04-06 13:12:01,4307,285.05ms
2022-04-06 13:12:02,4308,303.38ms
2022-04-06 13:12:03,4309,1290.34ms
2022-04-06 13:12:05,4311,279.68ms
2022-04-06 13:12:06,4312,293.13ms
2022-04-06 13:12:07,4313,288.23ms
2022-04-06 13:12:08,4314,1290.09ms
2022-04-06 13:12:09,4315,1285.08ms
2022-04-06 13:12:10,4316,1452.64ms
2022-04-06 13:12:11,4317,1304.22ms
2022-04-06 13:12:12,4318,271.48ms
2022-04-06 13:12:13,4319,274.96ms
2022-04-06 13:12:14,4320,280.82ms
2022-04-06 13:12:15,4321,287.63ms
2022-04-06 13:12:16,4322,281.44ms
2022-04-06 13:12:17,4323,1312.30ms
2022-04-06 13:12:18,4324,282.54ms
2022-04-06 13:12:19,4325,302.36ms
2022-04-06 13:12:20,4326,295.80ms
2022-04-06 13:12:21,4327,1294.35ms
2022-04-06 13:12:22,4328,278.27ms
2022-04-06 13:12:23,4329,1287.85ms
2022-04-06 13:12:24,4330,1496.70ms
2022-04-06 13:12:25,4331,302.96ms
2022-04-06 13:12:27,4333,1888.87ms
2022-04-06 13:12:28,4334,293.31ms
2022-04-06 13:12:29,4335,279.54ms
2022-04-06 13:12:30,4336,282.12ms
2022-04-06 13:12:31,4337,274.65ms
2022-04-06 13:12:32,4338,289.43ms
2022-04-06 13:12:33,4339,303.29ms
2022-04-06 13:12:34,4340,285.74ms
2022-04-06 13:12:35,4341,281.32ms
2022-04-06 13:12:36,4342,289.03ms
2022-04-06 13:12:37,4343,1304.87ms
2022-04-06 13:12:38,4344,277.22ms
2022-04-06 13:12:40,4346,1293.99ms
2022-04-06 13:12:41,4347,273.87ms
2022-04-06 13:12:42,4348,286.91ms
2022-04-06 13:12:43,4349,276.76ms
2022-04-06 13:12:44,4350,275.07ms
2022-04-06 13:12:45,4351,291.18ms
2022-04-06 13:12:46,4352,286.41ms
2022-04-06 13:12:47,4353,1305.06ms
2022-04-06 13:12:48,4354,1789.86ms
2022-04-06 13:12:49,4355,291.00ms
2022-04-06 13:12:50,4356,1297.34ms
2022-04-06 13:12:51,4357,273.48ms
2022-04-06 13:12:52,4358,290.61ms
2022-04-06 13:12:53,4359,269.32ms
2022-04-06 13:12:54,4360,1289.54ms
2022-04-06 13:12:55,4361,293.83ms
2022-04-06 13:12:56,4362,303.66ms
2022-04-06 13:12:58,4364,289.59ms
2022-04-06 13:12:59,4365,294.32ms
2022-04-06 13:13:00,4366,281.20ms
2022-04-06 13:13:01,4367,1311.20ms
2022-04-06 13:13:02,4368,284.44ms
2022-04-06 13:13:04,4370,288.80ms
2022-04-06 13:13:05,4371,283.17ms
2022-04-06 13:13:06,4372,1717.88ms
2022-04-06 13:13:07,4373,1294.20ms
2022-04-06 13:13:08,4374,1278.93ms
2022-04-06 13:13:09,4375,1298.74ms
2022-04-06 13:13:10,4376,294.72ms
2022-04-06 13:13:11,4377,1288.47ms
2022-04-06 13:13:12,4378,1300.67ms
2022-04-06 13:13:13,4379,1298.12ms
2022-04-06 13:13:14,4380,283.76ms
2022-04-06 13:13:15,4381,272.65ms
2022-04-06 13:13:17,4383,298.41ms
2022-04-06 13:13:18,4384,300.12ms
2022-04-06 13:13:19,4385,285.20ms
2022-04-06 13:13:20,4386,1318.67ms
2022-04-06 13:13:21,4387,283.58ms
2022-04-06 13:13:22,4388,1300.59ms
2022-04-06 13:13:23,4389,297.96ms
2022-04-06 13:13:24,4390,285.94ms
2022-04-06 13:13:25,4391,1279.60ms
2022-04-06 13:13:26,4392,281.17ms
2022-04-06 13:13:27,4393,297.30ms
2022-04-06 13:13:28,4394,273.33ms
2022-04-06 13:13:29,4395,1278.53ms
2022-04-06 13:13:30,4396,286.33ms
2022-04-06 13:13:31,4397,290.18ms
2022-04-06 13:13:32,4398,296.71ms
2022-04-06 13:13:33,4399,280.21ms
2022-04-06 13:13:34,4400,285.60ms
2022-04-06 13:13:35,4401,287.18ms
2022-04-06 13:13:36,4402,294.63ms
2022-04-06 13:13:37,4403,288.22ms
2022-04-06 13:13:38,4404,288.30ms
2022-04-06 13:13:39,4405,282.89ms
2022-04-06 13:13:40,4406,282.57ms
2022-04-06 13:13:41,4407,301.50ms
2022-04-06 13:13:42,4408,297.41ms
2022-04-06 13:13:43,4409,296.81ms
2022-04-06 13:13:44,4410,285.39ms
2022-04-06 13:13:45,4411,298.61ms
2022-04-06 13:13:47,4413,1314.36ms
2022-04-06 13:13:48,4414,282.86ms
2022-04-06 13:13:50,4416,279.08ms
2022-04-06 13:13:51,4417,283.87ms
2022-04-06 13:13:52,4418,301.33ms
2022-04-06 13:13:53,4419,287.50ms
2022-04-06 13:13:54,4420,1499.45ms
2022-04-06 13:13:55,4421,296.38ms
2022-04-06 13:13:57,4423,1288.79ms
2022-04-06 13:13:58,4424,279.98ms
2022-04-06 13:13:59,4425,274.31ms
2022-04-06 13:14:01,4427,307.81ms
2022-04-06 13:14:02,4428,297.50ms
2022-04-06 13:14:03,4429,1317.68ms
2022-04-06 13:14:04,4430,307.93ms
2022-04-06 13:14:05,4431,284.10ms
2022-04-06 13:14:06,4432,255.63ms
2022-04-06 13:14:07,4433,1300.97ms
2022-04-06 13:14:08,4434,291.66ms
2022-04-06 13:14:09,4435,281.89ms
2022-04-06 13:14:12,4438,1298.36ms
2022-04-06 13:14:13,4439,1285.73ms
2022-04-06 13:14:14,4440,1280.62ms
2022-04-06 13:14:15,4441,1422.33ms
2022-04-06 13:14:16,4442,300.75ms
2022-04-06 13:14:17,4443,281.12ms
2022-04-06 13:14:18,4444,271.82ms
2022-04-06 13:14:19,4445,285.71ms
2022-04-06 13:14:20,4446,1328.21ms
2022-04-06 13:14:21,4447,270.21ms
2022-04-06 13:14:22,4448,297.11ms
2022-04-06 13:14:23,4449,275.18ms
2022-04-06 13:14:24,4450,291.91ms
2022-04-06 13:14:25,4451,290.13ms
2022-04-06 13:14:26,4452,276.04ms
2022-04-06 13:14:27,4453,1284.01ms
2022-04-06 13:14:28,4454,288.94ms
2022-04-06 13:14:29,4455,283.67ms
2022-04-06 13:14:30,4456,1293.10ms
2022-04-06 13:14:31,4457,296.43ms
2022-04-06 13:14:32,4458,278.40ms
2022-04-06 13:14:33,4459,303.06ms
2022-04-06 13:14:34,4460,290.39ms
2022-04-06 13:14:35,4461,1313.60ms
2022-04-06 13:14:36,4462,287.33ms
2022-04-06 13:14:37,4463,285.34ms
2022-04-06 13:14:39,4465,1293.67ms
2022-04-06 13:14:40,4466,293.82ms
2022-04-06 13:14:41,4467,1300.52ms
2022-04-06 13:14:42,4468,286.16ms
2022-04-06 13:14:43,4469,277.66ms
2022-04-06 13:14:44,4470,1298.00ms
2022-04-06 13:14:45,4471,1585.80ms
2022-04-06 13:14:46,4472,293.14ms
2022-04-06 13:14:47,4473,288.08ms
2022-04-06 13:14:48,4474,274.43ms
2022-04-06 13:14:49,4475,1289.68ms
2022-04-06 13:14:50,4476,1326.72ms
2022-04-06 13:14:51,4477,1306.36ms
2022-04-06 13:14:52,4478,284.18ms
2022-04-06 13:14:53,4479,276.79ms
2022-04-06 13:14:54,4480,277.29ms
2022-04-06 13:14:55,4481,1319.00ms
2022-04-06 13:14:56,4482,1298.52ms
2022-04-06 13:14:57,4483,290.77ms
2022-04-06 13:14:58,4484,1322.84ms
2022-04-06 13:14:59,4485,299.08ms
2022-04-06 13:15:00,4486,296.36ms
2022-04-06 13:15:01,4487,1273.64ms
2022-04-06 13:15:02,4488,1288.81ms
2022-04-06 13:15:04,4490,281.33ms
2022-04-06 13:15:05,4491,1306.34ms
2022-04-06 13:15:06,4492,286.66ms
2022-04-06 13:15:07,4493,285.84ms
2022-04-06 13:15:08,4494,1309.77ms
2022-04-06 13:15:09,4495,1417.36ms
2022-04-06 13:15:10,4496,290.27ms
2022-04-06 13:15:11,4497,277.92ms
2022-04-06 13:15:12,4498,276.80ms
2022-04-06 13:15:13,4499,1285.00ms
2022-04-06 13:15:14,4500,288.92ms
2022-04-06 13:15:15,4501,286.66ms
2022-04-06 13:15:16,4502,283.16ms
2022-04-06 13:15:18,4504,279.70ms
2022-04-06 13:15:19,4505,288.89ms
2022-04-06 13:15:20,4506,1508.38ms
2022-04-06 13:15:21,4507,290.93ms
2022-04-06 13:15:22,4508,279.92ms
2022-04-06 13:15:23,4509,272.94ms
2022-04-06 13:15:24,4510,293.51ms
2022-04-06 13:15:25,4511,283.16ms
2022-04-06 13:15:26,4512,276.81ms
2022-04-06 13:15:27,4513,265.06ms
2022-04-06 13:15:29,4515,278.05ms
2022-04-06 13:15:30,4516,1306.75ms
2022-04-06 13:15:31,4517,291.70ms
2022-04-06 13:15:32,4518,1492.01ms
2022-04-06 13:15:33,4519,295.60ms
2022-04-06 13:15:34,4520,1337.51ms
2022-04-06 13:15:35,4521,297.65ms
2022-04-06 13:15:36,4522,1319.03ms
2022-04-06 13:15:37,4523,1499.75ms
2022-04-06 13:15:38,4524,306.42ms
2022-04-06 13:15:39,4525,1292.36ms
2022-04-06 13:15:40,4526,1317.67ms
2022-04-06 13:15:41,4527,1322.78ms
2022-04-06 13:15:42,4528,303.60ms
2022-04-06 13:15:43,4529,1517.16ms
2022-04-06 13:15:44,4530,309.81ms
2022-04-06 13:15:45,4531,311.87ms
2022-04-06 13:15:46,4532,315.45ms
2022-04-06 13:15:47,4533,1307.15ms
2022-04-06 13:15:48,4534,308.05ms
2022-04-06 13:15:49,4535,303.91ms
2022-04-06 13:15:51,4537,1317.39ms
2022-04-06 13:15:54,4540,1305.46ms
2022-04-06 13:15:55,4541,321.33ms
2022-04-06 13:15:58,4544,1531.95ms
2022-04-06 13:15:59,4545,277.95ms
2022-04-06 13:16:00,4546,285.97ms
2022-04-06 13:16:01,4547,277.87ms
2022-04-06 13:16:02,4548,287.78ms
2022-04-06 13:16:03,4549,283.08ms
2022-04-06 13:16:04,4550,283.13ms
2022-04-06 13:16:05,4551,293.13ms
2022-04-06 13:16:06,4552,1310.25ms
2022-04-06 13:16:07,4553,275.89ms
2022-04-06 13:16:08,4554,282.60ms
2022-04-06 13:16:09,4555,283.99ms
2022-04-06 13:16:10,4556,289.51ms
2022-04-06 13:16:11,4557,285.34ms
2022-04-06 13:16:12,4558,1294.52ms
2022-04-06 13:16:13,4559,283.81ms
2022-04-06 13:16:14,4560,286.47ms
2022-04-06 13:16:16,4562,314.12ms
2022-04-06 13:16:17,4563,1589.08ms
2022-04-06 13:16:18,4564,310.58ms
2022-04-06 13:16:19,4565,1885.29ms
2022-04-06 13:16:20,4566,317.80ms
2022-04-06 13:16:21,4567,1511.20ms
2022-04-06 13:16:22,4568,303.13ms
2022-04-06 13:16:23,4569,1336.41ms
2022-04-06 13:16:24,4570,1316.37ms
2022-04-06 13:16:25,4571,301.58ms
2022-04-06 13:16:27,4573,1324.83ms
2022-04-06 13:16:28,4574,293.76ms
2022-04-06 13:16:29,4575,310.67ms
2022-04-06 13:16:30,4576,1322.27ms
2022-04-06 13:16:31,4577,1449.81ms
2022-04-06 13:16:32,4578,1415.66ms
2022-04-06 13:16:33,4579,304.98ms
2022-04-06 13:16:34,4580,1320.01ms
2022-04-06 13:16:35,4581,305.82ms
2022-04-06 13:16:36,4582,1345.44ms
2022-04-06 13:16:37,4583,1306.44ms
2022-04-06 13:16:38,4584,314.63ms
2022-04-06 13:16:39,4585,312.71ms
2022-04-06 13:16:40,4586,300.34ms
2022-04-06 13:16:41,4587,319.34ms
2022-04-06 13:16:42,4588,303.28ms
2022-04-06 13:16:43,4589,1322.35ms
2022-04-06 13:16:44,4590,310.65ms
2022-04-06 13:16:45,4591,308.12ms
2022-04-06 13:16:46,4592,1338.84ms
2022-04-06 13:16:47,4593,1311.36ms
2022-04-06 13:16:48,4594,1717.22ms
2022-04-06 13:16:49,4595,314.33ms
2022-04-06 13:16:50,4596,299.46ms
2022-04-06 13:16:51,4597,314.01ms
2022-04-06 13:16:52,4598,1307.92ms
2022-04-06 13:16:53,4599,300.55ms
2022-04-06 13:16:54,4600,1297.81ms
2022-04-06 13:16:55,4601,1494.07ms
2022-04-06 13:16:56,4602,300.39ms
2022-04-06 13:16:58,4604,299.59ms
2022-04-06 13:16:59,4605,1296.96ms
2022-04-06 13:17:00,4606,287.99ms
2022-04-06 13:17:01,4607,1306.73ms
2022-04-06 13:17:02,4608,288.30ms
2022-04-06 13:17:03,4609,287.89ms
2022-04-06 13:17:04,4610,1769.31ms
2022-04-06 13:17:05,4611,288.24ms
2022-04-06 13:17:06,4612,1314.66ms
2022-04-06 13:17:07,4613,1309.57ms
2022-04-06 13:17:08,4614,288.94ms
2022-04-06 13:17:09,4615,1315.36ms
2022-04-06 13:17:10,4616,1585.28ms
2022-04-06 13:17:11,4617,1287.54ms
2022-04-06 13:17:12,4618,292.13ms
2022-04-06 13:17:14,4620,1284.27ms
2022-04-06 13:17:15,4621,286.53ms
2022-04-06 13:17:16,4622,281.35ms
2022-04-06 13:17:17,4623,1282.10ms
2022-04-06 13:17:18,4624,1284.85ms
2022-04-06 13:17:19,4625,1284.06ms
2022-04-06 13:17:20,4626,308.14ms
2022-04-06 13:17:21,4627,277.35ms
2022-04-06 13:17:22,4628,294.66ms
2022-04-06 13:17:24,4630,285.62ms
2022-04-06 13:17:26,4632,274.28ms
2022-04-06 13:17:27,4633,280.92ms
2022-04-06 13:17:28,4634,1836.47ms
2022-04-06 13:17:29,4635,274.19ms
2022-04-06 13:17:30,4636,1307.60ms
2022-04-06 13:17:31,4637,283.43ms
2022-04-06 13:17:32,4638,273.21ms
2022-04-06 13:17:33,4639,280.69ms
2022-04-06 13:17:34,4640,274.90ms
2022-04-06 13:17:35,4641,298.46ms
2022-04-06 13:17:36,4642,298.00ms
2022-04-06 13:17:37,4643,286.27ms
2022-04-06 13:17:38,4644,283.99ms
2022-04-06 13:17:39,4645,287.35ms
2022-04-06 13:17:40,4646,278.69ms
2022-04-06 13:17:41,4647,295.56ms
2022-04-06 13:17:42,4648,287.19ms
2022-04-06 13:17:43,4649,1282.52ms
2022-04-06 13:17:44,4650,288.90ms
2022-04-06 13:17:45,4651,1306.27ms
2022-04-06 13:17:46,4652,287.24ms
2022-04-06 13:17:47,4653,292.61ms
2022-04-06 13:17:48,4654,292.13ms
2022-04-06 13:17:49,4655,283.60ms
2022-04-06 13:17:50,4656,283.08ms
2022-04-06 13:17:51,4657,297.05ms
2022-04-06 13:17:52,4658,284.26ms
2022-04-06 13:17:53,4659,1295.86ms
2022-04-06 13:17:54,4660,285.99ms
2022-04-06 13:17:55,4661,267.05ms
2022-04-06 13:17:56,4662,287.84ms
2022-04-06 13:17:57,4663,1478.98ms
2022-04-06 13:17:58,4664,288.66ms
2022-04-06 13:17:59,4665,290.08ms
2022-04-06 13:18:00,4666,285.70ms
2022-04-06 13:18:01,4667,285.69ms
2022-04-06 13:18:02,4668,285.08ms
2022-04-06 13:18:03,4669,1311.32ms
2022-04-06 13:18:04,4670,280.83ms
2022-04-06 13:18:05,4671,269.44ms
2022-04-06 13:18:06,4672,283.56ms
2022-04-06 13:18:07,4673,283.39ms
2022-04-06 13:18:08,4674,284.02ms
2022-04-06 13:18:09,4675,282.09ms
2022-04-06 13:18:10,4676,1819.36ms
2022-04-06 13:18:13,4679,283.79ms
2022-04-06 13:18:14,4680,274.69ms
2022-04-06 13:18:15,4681,1293.05ms
2022-04-06 13:18:16,4682,286.21ms
2022-04-06 13:18:17,4683,273.65ms
2022-04-06 13:18:18,4684,283.28ms
2022-04-06 13:18:19,4685,286.22ms
2022-04-06 13:18:20,4686,279.49ms
2022-04-06 13:18:21,4687,288.63ms
2022-04-06 13:18:22,4688,1327.63ms
2022-04-06 13:18:23,4689,281.92ms
2022-04-06 13:18:24,4690,1275.01ms
2022-04-06 13:18:25,4691,279.74ms
2022-04-06 13:18:26,4692,1685.93ms
2022-04-06 13:18:27,4693,293.33ms
2022-04-06 13:18:28,4694,273.24ms
2022-04-06 13:18:29,4695,1289.22ms
2022-04-06 13:18:30,4696,1304.15ms
2022-04-06 13:18:31,4697,1277.61ms
2022-04-06 13:18:32,4698,292.33ms
2022-04-06 13:18:33,4699,273.74ms
2022-04-06 13:18:34,4700,292.34ms
2022-04-06 13:18:35,4701,1295.36ms
2022-04-06 13:18:36,4702,294.13ms
2022-04-06 13:18:37,4703,296.33ms
2022-04-06 13:18:38,4704,1310.04ms
2022-04-06 13:18:39,4705,284.43ms
2022-04-06 13:18:40,4706,1284.74ms
2022-04-06 13:18:41,4707,278.61ms
2022-04-06 13:18:42,4708,287.73ms
2022-04-06 13:18:43,4709,1299.33ms
2022-04-06 13:18:44,4710,1283.66ms
2022-04-06 13:18:45,4711,1299.51ms
2022-04-06 13:18:46,4712,280.18ms
2022-04-06 13:18:48,4714,1398.42ms
2022-04-06 13:18:49,4715,1318.47ms
2022-04-06 13:18:50,4716,278.36ms
2022-04-06 13:18:51,4717,1300.02ms
2022-04-06 13:18:52,4718,304.63ms
2022-04-06 13:18:53,4719,286.93ms
2022-04-06 13:18:54,4720,280.30ms
2022-04-06 13:18:55,4721,268.17ms
2022-04-06 13:18:56,4722,287.99ms
2022-04-06 13:18:57,4723,302.22ms
2022-04-06 13:18:58,4724,283.62ms
2022-04-06 13:18:59,4725,285.07ms
2022-04-06 13:19:00,4726,274.16ms
2022-04-06 13:19:01,4727,283.29ms
2022-04-06 13:19:02,4728,1700.49ms
2022-04-06 13:19:03,4729,1287.99ms
2022-04-06 13:19:04,4730,275.85ms
2022-04-06 13:19:05,4731,283.52ms
2022-04-06 13:19:06,4732,274.90ms
2022-04-06 13:19:07,4733,275.47ms
2022-04-06 13:19:08,4734,280.21ms
2022-04-06 13:19:09,4735,279.13ms
2022-04-06 13:19:10,4736,289.19ms
2022-04-06 13:19:11,4737,288.03ms
2022-04-06 13:19:12,4738,1307.85ms
2022-04-06 13:19:13,4739,286.88ms
2022-04-06 13:19:14,4740,283.73ms
2022-04-06 13:19:15,4741,1667.01ms
2022-04-06 13:19:16,4742,281.43ms
2022-04-06 13:19:18,4744,1296.91ms
2022-04-06 13:19:19,4745,1292.77ms
2022-04-06 13:19:20,4746,279.34ms
2022-04-06 13:19:21,4747,271.42ms
2022-04-06 13:19:22,4748,1292.73ms
2022-04-06 13:19:23,4749,273.75ms
2022-04-06 13:19:24,4750,1308.46ms
2022-04-06 13:19:25,4751,1302.77ms
2022-04-06 13:19:26,4752,285.30ms
2022-04-06 13:19:28,4754,279.59ms
2022-04-06 13:19:29,4755,274.45ms
2022-04-06 13:19:30,4756,278.55ms
2022-04-06 13:19:31,4757,290.34ms
2022-04-06 13:19:32,4758,1287.41ms
2022-04-06 13:19:33,4759,281.00ms
2022-04-06 13:19:34,4760,278.35ms
2022-04-06 13:19:35,4761,272.09ms
2022-04-06 13:19:36,4762,1294.75ms
2022-04-06 13:19:38,4764,290.74ms
2022-04-06 13:19:39,4765,277.95ms
2022-04-06 13:19:40,4766,299.56ms
2022-04-06 13:19:41,4767,1286.46ms
2022-04-06 13:19:42,4768,280.37ms
2022-04-06 13:19:43,4769,277.83ms
2022-04-06 13:19:44,4770,288.02ms
2022-04-06 13:19:45,4771,1672.45ms
2022-04-06 13:19:46,4772,289.87ms
2022-04-06 13:19:47,4773,287.33ms
2022-04-06 13:19:48,4774,1292.54ms
2022-04-06 13:19:49,4775,1276.57ms
2022-04-06 13:19:50,4776,1290.11ms
2022-04-06 13:19:51,4777,283.35ms
2022-04-06 13:19:52,4778,274.75ms
2022-04-06 13:19:53,4779,284.65ms
2022-04-06 13:19:54,4780,280.13ms
2022-04-06 13:19:55,4781,275.97ms
2022-04-06 13:19:56,4782,274.49ms
2022-04-06 13:19:57,4783,288.78ms
2022-04-06 13:19:58,4784,294.25ms
2022-04-06 13:19:59,4785,296.99ms
2022-04-06 13:20:01,4787,288.45ms
2022-04-06 13:20:02,4788,1317.32ms
2022-04-06 13:20:03,4789,274.43ms
2022-04-06 13:20:04,4790,1302.74ms
2022-04-06 13:20:05,4791,1479.16ms
2022-04-06 13:20:06,4792,1306.24ms
2022-04-06 13:20:07,4793,285.24ms
2022-04-06 13:20:08,4794,277.71ms
2022-04-06 13:20:09,4795,275.85ms
2022-04-06 13:20:10,4796,288.48ms
2022-04-06 13:20:11,4797,298.47ms
2022-04-06 13:20:12,4798,271.88ms
2022-04-06 13:20:13,4799,1284.22ms
2022-04-06 13:20:14,4800,280.34ms
2022-04-06 13:20:15,4801,1289.80ms
2022-04-06 13:20:16,4802,1303.60ms
2022-04-06 13:20:17,4803,279.85ms
2022-04-06 13:20:18,4804,280.37ms
2022-04-06 13:20:19,4805,1272.75ms
2022-04-06 13:20:20,4806,1311.97ms
2022-04-06 13:20:21,4807,1289.88ms
2022-04-06 13:20:22,4808,284.06ms
2022-04-06 13:20:23,4809,1304.34ms
2022-04-06 13:20:25,4811,1574.91ms
2022-04-06 13:20:26,4812,287.97ms
2022-04-06 13:20:27,4813,273.41ms
2022-04-06 13:20:28,4814,1849.87ms
2022-04-06 13:20:29,4815,286.23ms
2022-04-06 13:20:30,4816,1303.07ms
2022-04-06 13:20:31,4817,285.38ms
2022-04-06 13:20:32,4818,1286.35ms
2022-04-06 13:20:33,4819,296.97ms
2022-04-06 13:20:34,4820,276.13ms
2022-04-06 13:20:35,4821,1312.89ms
2022-04-06 13:20:36,4822,1277.16ms
2022-04-06 13:20:38,4824,270.75ms
2022-04-06 13:20:39,4825,1307.43ms
2022-04-06 13:20:41,4827,1292.27ms
2022-04-06 13:20:42,4828,1774.84ms
2022-04-06 13:20:43,4829,271.39ms
2022-04-06 13:20:44,4830,290.21ms
2022-04-06 13:20:45,4831,277.41ms
2022-04-06 13:20:46,4832,283.83ms
2022-04-06 13:20:47,4833,275.32ms
2022-04-06 13:20:48,4834,285.63ms
2022-04-06 13:20:49,4835,292.29ms
2022-04-06 13:20:50,4836,281.32ms
2022-04-06 13:20:51,4837,280.84ms
2022-04-06 13:20:52,4838,1301.21ms
2022-04-06 13:20:53,4839,283.24ms
2022-04-06 13:20:54,4840,271.87ms
2022-04-06 13:20:55,4841,284.91ms
2022-04-06 13:20:56,4842,1310.76ms
2022-04-06 13:20:57,4843,286.13ms
2022-04-06 13:20:58,4844,276.91ms
2022-04-06 13:20:59,4845,290.59ms
2022-04-06 13:21:00,4846,292.61ms
2022-04-06 13:21:01,4847,287.87ms
2022-04-06 13:21:04,4850,1299.38ms
2022-04-06 13:21:05,4851,288.31ms
2022-04-06 13:21:06,4852,276.22ms
2022-04-06 13:21:07,4853,269.60ms
2022-04-06 13:21:08,4854,278.09ms
2022-04-06 13:21:09,4855,295.95ms
2022-04-06 13:21:10,4856,274.75ms
2022-04-06 13:21:11,4857,1482.71ms
2022-04-06 13:21:12,4858,280.78ms
2022-04-06 13:21:13,4859,1294.30ms
2022-04-06 13:21:15,4861,1280.32ms
2022-04-06 13:21:16,4862,287.66ms
2022-04-06 13:21:17,4863,1276.59ms
2022-04-06 13:21:18,4864,287.19ms
2022-04-06 13:21:19,4865,1296.88ms
2022-04-06 13:21:20,4866,287.76ms
2022-04-06 13:21:21,4867,1311.13ms
2022-04-06 13:21:22,4868,287.96ms
2022-04-06 13:21:24,4870,272.03ms
2022-04-06 13:21:25,4871,275.97ms
2022-04-06 13:21:26,4872,1311.05ms
2022-04-06 13:21:27,4873,1484.89ms
2022-04-06 13:21:28,4874,283.44ms
2022-04-06 13:21:29,4875,288.75ms
2022-04-06 13:21:30,4876,277.87ms
2022-04-06 13:21:31,4877,282.36ms
2022-04-06 13:21:32,4878,294.27ms
2022-04-06 13:21:33,4879,273.22ms
2022-04-06 13:21:34,4880,304.08ms
2022-04-06 13:21:35,4881,279.30ms
2022-04-06 13:21:36,4882,1294.53ms
2022-04-06 13:21:37,4883,290.12ms
2022-04-06 13:21:38,4884,271.66ms
2022-04-06 13:21:39,4885,280.79ms
2022-04-06 13:21:40,4886,274.45ms
2022-04-06 13:21:41,4887,283.96ms
2022-04-06 13:21:42,4888,288.02ms
2022-04-06 13:21:43,4889,1276.08ms
2022-04-06 13:21:44,4890,298.50ms
2022-04-06 13:21:45,4891,286.65ms
2022-04-06 13:21:46,4892,1681.10ms
2022-04-06 13:21:47,4893,278.92ms
2022-04-06 13:21:48,4894,282.82ms
2022-04-06 13:21:49,4895,283.54ms
2022-04-06 13:21:50,4896,1304.58ms
2022-04-06 13:21:51,4897,288.90ms
2022-04-06 13:21:52,4898,297.46ms
2022-04-06 13:21:53,4899,294.39ms
2022-04-06 13:21:54,4900,287.04ms
2022-04-06 13:21:55,4901,1285.98ms
2022-04-06 13:21:56,4902,260.42ms
2022-04-06 13:21:57,4903,283.82ms
2022-04-06 13:21:58,4904,1684.88ms
2022-04-06 13:21:59,4905,1293.28ms
2022-04-06 13:22:00,4906,1300.84ms
2022-04-06 13:22:01,4907,1309.75ms
2022-04-06 13:22:02,4908,268.86ms
2022-04-06 13:22:03,4909,277.77ms
2022-04-06 13:22:04,4910,1301.19ms
2022-04-06 13:22:05,4911,285.92ms
2022-04-06 13:22:06,4912,284.04ms
2022-04-06 13:22:07,4913,1278.23ms
2022-04-06 13:22:08,4914,1471.65ms
2022-04-06 13:22:09,4915,282.59ms
2022-04-06 13:22:10,4916,273.69ms
2022-04-06 13:22:11,4917,279.09ms
2022-04-06 13:22:12,4918,1286.52ms
2022-04-06 13:22:13,4919,276.72ms
2022-04-06 13:22:14,4920,297.79ms
2022-04-06 13:22:15,4921,1285.25ms
2022-04-06 13:22:16,4922,266.62ms
2022-04-06 13:22:17,4923,279.17ms
2022-04-06 13:22:18,4924,277.77ms
2022-04-06 13:22:19,4925,288.32ms
2022-04-06 13:22:20,4926,289.86ms
2022-04-06 13:22:21,4927,1300.14ms
2022-04-06 13:22:22,4928,279.92ms
2022-04-06 13:22:23,4929,280.68ms
2022-04-06 13:22:24,4930,286.83ms
2022-04-06 13:22:26,4932,282.68ms
2022-04-06 13:22:27,4933,1811.79ms
2022-04-06 13:22:28,4934,1390.55ms
2022-04-06 13:22:29,4935,281.05ms
2022-04-06 13:22:30,4936,287.78ms
2022-04-06 13:22:31,4937,285.11ms
2022-04-06 13:22:32,4938,1284.26ms
2022-04-06 13:22:33,4939,293.20ms
2022-04-06 13:22:34,4940,287.90ms
2022-04-06 13:22:35,4941,1472.38ms
2022-04-06 13:22:36,4942,282.86ms
2022-04-06 13:22:37,4943,285.52ms
2022-04-06 13:22:38,4944,1291.64ms
2022-04-06 13:22:39,4945,280.16ms
2022-04-06 13:22:40,4946,1280.43ms
2022-04-06 13:22:41,4947,290.72ms
2022-04-06 13:22:43,4949,1284.74ms
2022-04-06 13:22:44,4950,279.17ms
2022-04-06 13:22:45,4951,283.92ms
2022-04-06 13:22:46,4952,1301.72ms
2022-04-06 13:22:47,4953,283.23ms
2022-04-06 13:22:48,4954,286.63ms
2022-04-06 13:22:49,4955,1300.56ms
2022-04-06 13:22:50,4956,1286.63ms
2022-04-06 13:22:51,4957,286.56ms
2022-04-06 13:22:52,4958,280.57ms
2022-04-06 13:22:53,4959,281.51ms
2022-04-06 13:22:54,4960,282.81ms
2022-04-06 13:22:55,4961,290.11ms
2022-04-06 13:22:56,4962,280.70ms
2022-04-06 13:22:57,4963,1490.76ms
2022-04-06 13:22:58,4964,1501.00ms
2022-04-06 13:22:59,4965,1496.91ms
2022-04-06 13:23:00,4966,1289.31ms
2022-04-06 13:23:01,4967,275.08ms
2022-04-06 13:23:02,4968,1271.05ms
2022-04-06 13:23:03,4969,1292.96ms
2022-04-06 13:23:04,4970,1289.68ms
2022-04-06 13:23:05,4971,287.52ms
2022-04-06 13:23:06,4972,286.01ms
2022-04-06 13:23:07,4973,1311.62ms
2022-04-06 13:23:08,4974,289.54ms
2022-04-06 13:23:09,4975,278.23ms
2022-04-06 13:23:10,4976,289.73ms
2022-04-06 13:23:11,4977,294.94ms
2022-04-06 13:23:12,4978,1296.90ms
2022-04-06 13:23:13,4979,297.26ms
2022-04-06 13:23:14,4980,286.83ms
2022-04-06 13:23:15,4981,287.62ms
2022-04-06 13:23:16,4982,1297.37ms
2022-04-06 13:23:17,4983,1308.05ms
2022-04-06 13:23:18,4984,1279.34ms
2022-04-06 13:23:19,4985,285.70ms
2022-04-06 13:23:20,4986,280.13ms
2022-04-06 13:23:21,4987,1296.61ms
2022-04-06 13:23:22,4988,1297.13ms
2022-04-06 13:23:23,4989,290.43ms
2022-04-06 13:23:24,4990,274.01ms
2022-04-06 13:23:25,4991,281.71ms
2022-04-06 13:23:26,4992,1281.26ms
2022-04-06 13:23:27,4993,279.89ms
2022-04-06 13:23:28,4994,282.74ms
2022-04-06 13:23:29,4995,286.77ms
2022-04-06 13:23:30,4996,1318.31ms
2022-04-06 13:23:31,4997,1312.18ms
2022-04-06 13:23:32,4998,1274.16ms
2022-04-06 13:23:33,4999,276.84ms
2022-04-06 13:23:34,5000,273.88ms
2022-04-06 13:23:35,5001,284.06ms
2022-04-06 13:23:36,5002,289.99ms
2022-04-06 13:23:37,5003,1283.26ms
2022-04-06 13:23:38,5004,284.70ms
2022-04-06 13:23:39,5005,284.69ms
2022-04-06 13:23:40,5006,300.32ms
2022-04-06 13:23:41,5007,278.50ms
2022-04-06 13:23:42,5008,1304.78ms
2022-04-06 13:23:43,5009,287.20ms
2022-04-06 13:23:44,5010,1292.24ms
2022-04-06 13:23:45,5011,294.20ms
2022-04-06 13:23:46,5012,283.85ms
2022-04-06 13:23:47,5013,272.40ms
2022-04-06 13:23:48,5014,1291.69ms
2022-04-06 13:23:49,5015,1311.00ms
2022-04-06 13:23:50,5016,288.84ms
2022-04-06 13:23:51,5017,1287.76ms
2022-04-06 13:23:52,5018,269.35ms
2022-04-06 13:23:53,5019,1304.78ms
2022-04-06 13:23:54,5020,283.91ms
2022-04-06 13:23:55,5021,283.27ms
2022-04-06 13:23:56,5022,282.30ms
2022-04-06 13:23:57,5023,275.92ms
2022-04-06 13:23:58,5024,1299.34ms
2022-04-06 13:23:59,5025,283.73ms
2022-04-06 13:24:00,5026,1287.24ms
2022-04-06 13:24:01,5027,281.21ms
2022-04-06 13:24:02,5028,1300.93ms
2022-04-06 13:24:03,5029,287.99ms
2022-04-06 13:24:04,5030,293.12ms
2022-04-06 13:24:05,5031,286.26ms
2022-04-06 13:24:06,5032,280.25ms
2022-04-06 13:24:07,5033,285.88ms
2022-04-06 13:24:08,5034,1314.67ms
2022-04-06 13:24:09,5035,278.98ms
2022-04-06 13:24:10,5036,279.02ms
2022-04-06 13:24:12,5038,283.73ms
2022-04-06 13:24:13,5039,288.29ms
2022-04-06 13:24:14,5040,290.86ms
2022-04-06 13:24:15,5041,279.88ms
2022-04-06 13:24:16,5042,298.73ms
2022-04-06 13:24:17,5043,1300.00ms
2022-04-06 13:24:18,5044,275.36ms
2022-04-06 13:24:19,5045,1287.65ms
2022-04-06 13:24:20,5046,1499.98ms
2022-04-06 13:24:21,5047,285.86ms
2022-04-06 13:24:23,5049,1284.00ms
2022-04-06 13:24:24,5050,272.56ms
2022-04-06 13:24:25,5051,283.55ms
2022-04-06 13:24:26,5052,274.03ms
2022-04-06 13:24:27,5053,1285.14ms
2022-04-06 13:24:28,5054,279.56ms
2022-04-06 13:24:30,5056,1309.85ms
2022-04-06 13:24:31,5057,279.04ms
2022-04-06 13:24:32,5058,279.34ms
2022-04-06 13:24:33,5059,279.38ms
2022-04-06 13:24:34,5060,275.26ms
2022-04-06 13:24:35,5061,275.99ms
2022-04-06 13:24:36,5062,289.90ms
2022-04-06 13:24:37,5063,287.53ms
2022-04-06 13:24:38,5064,276.90ms
2022-04-06 13:24:39,5065,273.45ms
2022-04-06 13:24:40,5066,1679.17ms
2022-04-06 13:24:41,5067,1284.84ms
2022-04-06 13:24:42,5068,1285.13ms
2022-04-06 13:24:43,5069,281.76ms
2022-04-06 13:24:44,5070,1313.91ms
2022-04-06 13:24:45,5071,1325.97ms
2022-04-06 13:24:46,5072,1673.78ms
2022-04-06 13:24:47,5073,288.40ms
2022-04-06 13:24:48,5074,286.48ms
2022-04-06 13:24:49,5075,1282.40ms
2022-04-06 13:24:50,5076,1283.26ms
2022-04-06 13:24:51,5077,286.20ms
2022-04-06 13:24:52,5078,1778.30ms
2022-04-06 13:24:53,5079,1284.46ms
2022-04-06 13:24:54,5080,286.38ms
2022-04-06 13:24:55,5081,270.11ms
2022-04-06 13:24:56,5082,280.44ms
2022-04-06 13:24:57,5083,1304.69ms
2022-04-06 13:24:58,5084,284.10ms
2022-04-06 13:25:00,5086,1300.39ms
2022-04-06 13:25:01,5087,1286.80ms
2022-04-06 13:25:02,5088,1279.04ms
2022-04-06 13:25:03,5089,291.70ms
2022-04-06 13:25:04,5090,1316.20ms
2022-04-06 13:25:05,5091,282.21ms
2022-04-06 13:25:06,5092,285.24ms
2022-04-06 13:25:07,5093,1295.91ms
2022-04-06 13:25:09,5095,292.06ms
2022-04-06 13:25:10,5096,1319.77ms
2022-04-06 13:25:11,5097,298.35ms
2022-04-06 13:25:12,5098,297.02ms
2022-04-06 13:25:13,5099,274.92ms
2022-04-06 13:25:14,5100,1292.66ms
2022-04-06 13:25:15,5101,1306.17ms
2022-04-06 13:25:16,5102,277.95ms
2022-04-06 13:25:17,5103,273.61ms
2022-04-06 13:25:18,5104,1310.78ms
2022-04-06 13:25:19,5105,283.46ms
2022-04-06 13:25:20,5106,292.76ms
2022-04-06 13:25:21,5107,1293.82ms
2022-04-06 13:25:22,5108,1306.73ms
2022-04-06 13:25:23,5109,1273.26ms
2022-04-06 13:25:24,5110,287.75ms
2022-04-06 13:25:25,5111,1302.94ms
2022-04-06 13:25:27,5113,1295.55ms
2022-04-06 13:25:28,5114,270.57ms
2022-04-06 13:25:29,5115,284.68ms
2022-04-06 13:25:30,5116,1796.13ms
2022-04-06 13:25:31,5117,290.23ms
2022-04-06 13:25:32,5118,280.74ms
2022-04-06 13:25:33,5119,281.34ms
2022-04-06 13:25:34,5120,296.13ms
2022-04-06 13:25:36,5122,1279.12ms
2022-04-06 13:25:37,5123,1309.82ms
2022-04-06 13:25:38,5124,294.42ms
2022-04-06 13:25:39,5125,1475.54ms
2022-04-06 13:25:40,5126,287.82ms
2022-04-06 13:25:41,5127,1674.38ms
2022-04-06 13:25:42,5128,282.52ms
2022-04-06 13:25:43,5129,275.61ms
2022-04-06 13:25:44,5130,282.54ms
2022-04-06 13:25:45,5131,295.23ms
2022-04-06 13:25:46,5132,276.03ms
2022-04-06 13:25:47,5133,1299.83ms
2022-04-06 13:25:48,5134,277.03ms
2022-04-06 13:25:49,5135,277.65ms
2022-04-06 13:25:50,5136,1290.74ms
2022-04-06 13:25:51,5137,1288.96ms
2022-04-06 13:25:52,5138,1297.60ms
2022-04-06 13:25:53,5139,1297.52ms
2022-04-06 13:25:54,5140,1271.84ms
2022-04-06 13:25:55,5141,1286.63ms
2022-04-06 13:25:56,5142,275.41ms
2022-04-06 13:25:57,5143,282.25ms
2022-04-06 13:25:58,5144,284.75ms
2022-04-06 13:25:59,5145,278.14ms
2022-04-06 13:26:00,5146,302.97ms
2022-04-06 13:26:01,5147,1282.88ms
2022-04-06 13:26:02,5148,1282.98ms
2022-04-06 13:26:03,5149,287.55ms
2022-04-06 13:26:04,5150,303.54ms
2022-04-06 13:26:05,5151,1303.56ms
2022-04-06 13:26:06,5152,289.71ms
2022-04-06 13:26:07,5153,278.54ms
2022-04-06 13:26:08,5154,1492.84ms
2022-04-06 13:26:09,5155,291.44ms
2022-04-06 13:26:10,5156,1275.29ms
2022-04-06 13:26:11,5157,1401.77ms
2022-04-06 13:26:12,5158,283.86ms
2022-04-06 13:26:13,5159,306.59ms
2022-04-06 13:26:15,5161,1307.25ms
2022-04-06 13:26:16,5162,312.78ms
2022-04-06 13:26:17,5163,1393.73ms
2022-04-06 13:26:18,5164,1291.01ms
2022-04-06 13:26:19,5165,314.42ms
2022-04-06 13:26:20,5166,1300.83ms
2022-04-06 13:26:21,5167,1315.98ms
2022-04-06 13:26:22,5168,1302.01ms
2022-04-06 13:26:23,5169,306.66ms
2022-04-06 13:26:24,5170,292.84ms
2022-04-06 13:26:25,5171,1330.61ms
2022-04-06 13:26:26,5172,294.11ms
2022-04-06 13:26:28,5174,1317.39ms
2022-04-06 13:26:29,5175,1298.95ms
2022-04-06 13:26:30,5176,299.43ms
2022-04-06 13:26:32,5178,1309.55ms
2022-04-06 13:26:33,5179,301.29ms
2022-04-06 13:26:34,5180,1305.29ms
2022-04-06 13:26:35,5181,1311.81ms
2022-04-06 13:26:36,5182,1309.74ms
2022-04-06 13:26:37,5183,1315.67ms
2022-04-06 13:26:38,5184,1300.05ms
2022-04-06 13:26:39,5185,308.35ms
2022-04-06 13:26:40,5186,297.17ms
2022-04-06 13:26:41,5187,1333.66ms
2022-04-06 13:26:42,5188,287.76ms
2022-04-06 13:26:43,5189,308.29ms
2022-04-06 13:26:44,5190,297.37ms
2022-04-06 13:26:45,5191,1304.16ms
2022-04-06 13:26:46,5192,1291.97ms
2022-04-06 13:26:47,5193,1609.13ms
2022-04-06 13:26:48,5194,306.74ms
2022-04-06 13:26:49,5195,292.91ms
2022-04-06 13:26:50,5196,1330.50ms
2022-04-06 13:26:51,5197,288.09ms
2022-04-06 13:26:52,5198,1308.37ms
2022-04-06 13:26:53,5199,307.65ms
2022-04-06 13:26:54,5200,1325.60ms
2022-04-06 13:26:55,5201,1326.93ms
2022-04-06 13:26:56,5202,298.58ms
2022-04-06 13:26:57,5203,1498.64ms
2022-04-06 13:26:58,5204,1500.19ms
2022-04-06 13:26:59,5205,298.01ms
2022-04-06 13:27:00,5206,306.64ms
2022-04-06 13:27:01,5207,1309.15ms
2022-04-06 13:27:02,5208,289.42ms
2022-04-06 13:27:03,5209,302.43ms
2022-04-06 13:27:04,5210,1325.81ms
2022-04-06 13:27:05,5211,291.84ms
2022-04-06 13:27:06,5212,320.42ms
